ID,X,Y,A,B,theta,total_flux,mu_max,mu_median,mu_mean,R_fwhm,R_e,R10,R90,x_start,x_end,y_start,y_end,area,greylevel
0,513.1146030986822,500.9644357455057,299.08278825632823,292.9957570637508,-0.6583353782595606,1906746.0,13.0,2.0,2.1162740623668133,88.28981143232129,239.5946502403919,90.4411916400092,393.10048408304937,0,1023,0,1023,900992,2.1162740623668133
1,851.4090909090909,2.4696969696969697,1.7977653704219578,1.36561983824142,0.2460949090851527,66.0,3.0,1.0,1.2692307692307692,2.6462837142006137,2.0342144725641096,0.7978845608028654,3.141274657157109,847,856,0,6,52,9.26923076923077
2,141.55899143672693,8.849666983824928,6.669802296275735,3.8213280287923976,0.3896461558045041,2102.0,14.0,4.0,5.45974025974026,6.555290583552474,5.556622981616415,2.256758334191025,9.304852983362556,120,154,0,20,385,10.45974025974026
3,316.3157894736842,2.5052631578947366,1.7534614544014548,1.1433289914896099,0.8668181743869929,95.0,5.0,3.0,2.7142857142857144,2.4592453796829674,1.8712051592547776,0.5641895835477563,2.763953195770684,313,319,0,6,35,8.714285714285714
4,829.4170403587444,3.3004484304932737,4.7543403874118475,1.7078667757208932,0.18238319556774674,223.0,4.0,2.0,1.7559055118110236,4.820437914901168,3.3377905890622728,1.2615662610100802,5.201570947860099,819,837,0,9,127,7.755905511811024
5,894.8403361344538,3.2100840336134455,2.000891469444251,1.6584133646882608,1.3927761534654337,119.0,5.0,2.0,1.9508196721311475,2.1850968611841584,2.256758334191025,0.7978845608028654,3.6125759969217834,891,899,0,7,61,7.950819672131147
6,1009.2934131736527,3.2934131736526946,2.958613001600503,1.7293334526910258,-0.6377918770804835,167.0,5.0,2.0,2.1139240506329116,3.1915382432114616,2.7057581899030048,0.9772050238058398,4.1841419359420025,1003,1015,0,10,79,8.113924050632912
7,191.70634920634922,7.777777777777778,2.447085235471262,1.4348170713414623,-0.6268774260927759,126.0,5.0,2.0,2.032258064516129,2.5854414729132054,2.393653682408596,0.7978845608028654,3.742410318509555,187,196,4,12,62,10.03225806451613
8,473.9427710843373,3.710843373493976,5.267039256914762,2.451891557245579,0.30687565771431147,332.0,6.0,2.0,2.155844155844156,4.145929793656026,3.8678889139475245,1.381976597885342,6.023896332520351,464,484,0,10,154,9.155844155844155
9,912.9911504424779,5.9734513274336285,2.278155811557571,1.6918393235566456,0.3413639124767212,113.0,4.0,2.0,1.661764705882353,3.3377905890622728,2.4592453796829674,0.7978845608028654,3.9088200952233594,908,917,3,10,68,7.661764705882353
10,760.4829659318638,10.56813627254509,8.17920702100739,3.46127279125007,0.2611015560925757,998.0,8.0,2.0,2.482587064676617,5.944106103225343,5.641895835477563,2.111004122822376,9.0270333367641,747,778,1,23,402,8.482587064676617
11,793.0897435897435,4.9914529914529915,3.464804782210225,2.1081427407338373,1.228644621108865,234.0,3.0,2.0,2.34,5.232078956954491,3.477898169151024,1.4927053303604616,5.046265044040321,789,797,0,13,100,7.34
12,411.8921568627451,16.96732026143791,2.399319068404769,2.089152179362354,1.1601577598798003,306.0,7.0,3.0,3.438202247191011,3.656366395715726,2.876813695875796,1.1283791670955126,4.51351666838205,407,417,12,22,89,9.438202247191011
13,980.4772727272727,5.337121212121212,3.206256809829115,2.127487855271753,1.3529648879292524,264.0,5.0,2.0,2.3157894736842106,4.029119531035698,3.2410224072142872,1.2615662610100802,5.170882945826411,976,985,0,14,114,8.31578947368421
14,395.7228260869565,9.01086956521739,3.2644312202591306,1.4928167350485366,-1.2183173125271243,184.0,5.0,2.0,2.3,3.141274657157109,2.6462837142006137,0.9772050238058398,4.1841419359420025,392,401,2,15,80,9.3
15,171.84274809160306,10.908396946564885,3.6851709364992287,2.5894941313222555,0.9190823796323491,655.0,9.0,3.0,3.484042553191489,4.296739856991561,3.8678889139475245,1.5957691216057308,6.282549314314218,165,180,1,18,188,9.48404255319149
16,585.9782706477039,17.936543294493944,19.820937627021614,13.381086521827944,-0.024855473976813303,280128.0,251.0,16.0,40.76961141027507,13.599192765483634,16.878606226063,6.076507779746499,32.60117651201682,517,653,0,82,6871,44.76961141027507
17,54.36805555555556,10.565972222222221,3.73480963174974,2.7572362994003985,-0.9418871060219418,576.0,8.0,3.0,2.9844559585492227,5.014626706796775,4.068428945128219,1.5957691216057308,6.358093703724522,46,61,2,19,193,8.984455958549223
18,915.8670967741936,27.91225806451613,3.3703777060539113,3.1601906757592646,1.0969124782828947,775.0,9.0,3.0,3.6556603773584904,4.686510657907603,4.029119531035698,1.5957691216057308,6.6755811781245455,907,923,19,36,212,9.65566037735849
19,965.6733333333333,25.033333333333335,3.6703312414329554,1.8131500276149832,-0.24196964224435935,150.0,3.0,1.0,1.4285714285714286,3.656366395715726,2.985410660720923,1.1283791670955126,4.886025119029199,960,975,21,29,105,7.428571428571429
20,768.3864894795128,47.31893687707641,4.342543241915362,2.8957093318072387,0.7631860478144137,903.0,11.0,3.0,3.7625,4.478115991081385,4.3336224206596095,1.692568750643269,7.203090409536582,758,776,37,57,240,10.7625
21,687.9649122807018,43.675438596491226,3.3042737770941217,1.6118345357848798,-1.335186063236324,114.0,4.0,1.0,1.3571428571428572,2.8209479177387813,2.4592453796829674,0.7978845608028654,4.370193722368317,683,691,37,51,84,7.357142857142857
22,1011.5075757575758,53.03787878787879,3.832244093980882,1.422861279811563,-0.1730846880661843,132.0,3.0,1.0,1.4042553191489362,3.431831258788849,2.6462837142006137,1.1283791670955126,4.406461512053774,1004,1019,50,59,94,7.404255319148936
23,328.30128205128204,54.90384615384615,6.265247104487593,1.8791694090120898,-0.011033508790402323,156.0,3.0,1.0,1.1555555555555554,3.5682482323055424,3.431831258788849,1.381976597885342,5.585191925620057,317,338,50,60,135,7.155555555555556
24,258.5892761394102,48.506702412868634,5.205112405666774,2.969075896114782,-0.47987407763158124,1865.0,15.0,6.0,6.613475177304965,5.944106103225343,4.918490759365935,2.0342144725641096,7.817640190446719,247,268,40,60,282,11.613475177304965
25,831.3576455152672,52.132573950381676,8.504157220916387,6.924032115862139,0.44712759568580157,16768.0,56.0,10.0,13.984987489574646,7.694520051971082,8.51907589177983,3.141274657157109,15.502385754094819,812,865,32,71,1199,18.984987489574646
26,973.1187427240978,57.46682188591385,6.22332707719249,3.4477295161481014,0.7649205948704734,859.0,8.0,3.0,2.6927899686520376,5.527906391541368,5.440847306724618,2.111004122822376,8.406235467365967,962,983,46,69,319,8.692789968652038
27,388.43333333333334,59.208333333333336,2.534151716668346,1.634593075154902,-0.17188256012223255,120.0,4.0,2.0,1.7142857142857142,3.385137501286538,2.326213245840639,0.7978845608028654,3.826519928662906,382,393,56,64,70,8.714285714285714
28,1009.5759493670886,73.5,1.9977842961110517,1.8614819140598329,-1.4554733743057509,158.0,5.0,2.0,2.289855072463768,2.876813695875796,2.326213245840639,0.9772050238058398,3.8678889139475245,1006,1014,69,78,69,8.289855072463768
29,434.86505560307955,89.66467065868264,9.34254836844543,4.91357652951339,0.965637075565096,4676.0,13.0,6.0,6.251336898395722,10.464157913908982,8.51907589177983,3.431831258788849,13.134837582232015,419,450,70,108,748,11.251336898395722
30,229.2478386167147,74.58789625360231,4.075961784932858,2.1310676190615268,-0.7446970354858162,347.0,5.0,3.0,2.732283464566929,4.787307364817192,3.742410318509555,1.381976597885342,5.641895835477563,223,237,68,82,127,7.732283464566929
31,206.23636363636365,84.06363636363636,2.43099401611566,1.8643511696263353,-0.38742878922146684,110.0,4.0,2.0,1.6923076923076923,3.523362819972964,2.6462837142006137,0.9772050238058398,3.949327084834294,202,210,79,88,65,7.6923076923076925
32,527.9191176470588,76.0,2.085855176199951,1.6547671933713284,0.8399732968753381,136.0,5.0,2.0,1.8630136986301369,2.5854414729132054,2.256758334191025,0.7978845608028654,3.742410318509555,522,532,72,81,73,8.863013698630137
33,302.6818950930626,97.13197969543147,5.479744575071007,2.2960238941157556,-1.564358475032816,591.0,7.0,2.0,2.7877358490566038,4.652426491681278,4.222008245644752,1.5957691216057308,6.746726148605861,297,311,84,108,212,8.787735849056604
34,629.0621572212066,91.78427787934187,7.082391809648689,2.4557367472347478,-0.4084319859714405,547.0,6.0,3.0,2.863874345549738,5.836022431559495,4.442433223290478,1.692568750643269,6.863662517577698,614,642,81,98,191,8.863874345549739
35,662.578947368421,91.33333333333333,2.044230547035239,1.209359170104732,-0.6739436269633486,114.0,6.0,2.5,2.7142857142857144,2.5854414729132054,1.9544100476116797,0.7978845608028654,3.0901936161855166,659,666,88,95,42,8.714285714285714
36,703.6271929824561,92.77631578947368,2.5889347477569613,2.496238007699166,1.4962060645558832,228.0,6.0,2.0,2.235294117647059,3.431831258788849,3.0901936161855166,1.1283791670955126,4.982787485166879,699,709,86,98,102,8.235294117647058
37,926.8829268292683,95.9219512195122,3.073390421383211,1.7909897571247402,-0.27929035786068684,205.0,5.0,2.0,1.9902912621359223,3.477898169151024,3.0382538898732494,1.1283791670955126,4.686510657907603,921,934,92,100,103,7.990291262135922
38,358.06410256410254,91.17307692307692,4.955501744899472,2.67322224730162,0.5801899975417727,468.0,4.0,2.0,2.351758793969849,6.955796338302048,4.478115991081385,1.8712051592547776,6.93287767191607,344,367,84,99,199,8.35175879396985
39,847.3974562798093,89.87122416534181,5.7352604908405125,2.2432992164750436,0.8699669866626745,629.0,9.0,3.0,3.2256410256410257,4.222008245644752,4.029119531035698,1.4927053303604616,6.530966601401967,838,857,77,100,195,11.225641025641025
40,818.0395683453237,107.66546762589928,3.0433252680866865,2.0704019544640793,-0.47226735492186156,278.0,5.0,3.0,2.78,4.1841419359420025,3.2410224072142872,1.2615662610100802,4.982787485166879,813,825,103,113,100,7.78
41,995.8980099502487,119.3457711442786,6.119471526489927,2.413007686394416,0.20250182475196424,804.0,7.0,4.0,3.8653846153846154,6.102643417692329,4.753945931439391,1.8712051592547776,7.225151993843567,985,1009,113,126,208,8.865384615384615
42,94.75816993464052,116.9281045751634,2.824515594503646,1.8850019006912473,0.09863340305527002,153.0,4.0,2.0,1.6630434782608696,3.949327084834294,2.8209479177387813,0.9772050238058398,4.442433223290478,90,103,112,122,92,7.663043478260869
43,965.4285714285714,121.16428571428571,3.281559307292007,1.768572335113511,0.8646934862670625,140.0,3.0,1.0,1.4285714285714286,3.656366395715726,2.9316150714175193,1.1283791670955126,4.686510657907603,960,971,115,128,98,7.428571428571429
44,465.7255474452555,131.98394160583942,3.8932344311765403,3.130843350191232,0.5402110569495504,685.0,7.0,3.0,3.1136363636363638,5.352372348458314,4.406461512053774,1.7841241161527712,6.886811529393324,457,475,124,141,220,9.113636363636363
45,374.60592255125283,141.1116173120729,9.253885234872389,3.0211318352058276,-0.9547981601644091,439.0,5.0,2.0,1.7215686274509805,4.370193722368317,4.583497844237541,1.692568750643269,7.48482063701911,363,386,125,152,255,7.7215686274509805
46,42.23076923076923,131.01282051282053,2.1422047803669373,1.4714727939190664,1.305907318807363,78.0,3.0,1.0,1.21875,2.876813695875796,2.1850968611841584,0.7978845608028654,3.385137501286538,39,46,126,135,64,9.21875
47,664.5,130.52941176470588,2.08907191629986,1.297664473000189,-0.6405662565127515,102.0,6.0,2.0,2.125,2.111004122822376,1.9544100476116797,0.5641895835477563,3.2410224072142872,661,669,126,134,48,8.125
48,886.648048048048,140.22102102102102,8.920427260004836,4.707394538073645,0.7849530991323019,1665.0,10.0,3.0,3.8013698630136985,6.863662517577698,6.257165172872317,2.393653682408596,10.233472165128859,870,900,122,153,438,8.801369863013699
49,611.3883928571429,121.50297619047619,10.379144705912639,3.3007300303248144,-0.9868884729762749,672.0,5.0,2.0,2.2474916387959865,5.863230142835039,5.725898905580716,2.1850968611841584,8.6488625410045,597,623,107,136,299,7.247491638795987
50,444.4922279792746,130.67357512953367,3.4098901399584163,2.11899242501639,-0.8210719952495475,193.0,4.0,1.0,1.6495726495726495,4.1841419359420025,2.985410660720923,1.1283791670955126,5.014626706796775,436,449,122,136,117,7.64957264957265
51,942.9714285714285,140.9142857142857,1.8616505935849599,1.5529997063550665,-1.2706366426534268,105.0,6.0,2.0,2.1,2.326213245840639,1.9544100476116797,0.5641895835477563,3.2897623212397704,940,947,136,143,50,8.1
52,195.11654135338347,129.0563909774436,5.2245526547991945,3.5076814395300286,-1.287507779538824,532.0,5.0,2.0,2.3130434782608695,5.382025607773058,4.442433223290478,1.7841241161527712,7.091753098990329,186,205,117,139,230,8.31304347826087
53,692.8471760797343,144.54152823920265,5.060345094583203,2.0329234969747767,-1.519483911788887,301.0,4.0,2.0,1.9050632911392404,5.322553886092406,3.742410318509555,1.4927053303604616,5.970821321441846,688,697,136,156,158,7.905063291139241
54,136.78378378378378,150.44144144144144,1.9942889443468228,1.802681357465618,-0.18240151561158144,111.0,4.0,1.5,1.6323529411764706,3.2897623212397704,2.393653682408596,0.7978845608028654,3.826519928662906,133,142,146,154,68,9.632352941176471
55,773.0540540540541,146.58166862514688,4.375202397387895,2.5867802154828667,0.4996903691038162,851.0,10.0,4.0,4.233830845771144,5.170882945826411,4.1073621666150775,1.5957691216057308,6.746726148605861,763,783,141,155,201,9.233830845771145
56,339.8918918918919,152.2972972972973,2.4502665209938956,1.691178551798882,-1.2570701190408493,111.0,3.0,2.0,1.6818181818181819,3.431831258788849,2.6462837142006137,0.9772050238058398,4.029119531035698,336,344,148,158,66,8.681818181818182
57,859.1886120996442,161.25622775800713,2.695673164295132,2.080775792811457,-0.7493487343570151,281.0,6.0,3.0,3.087912087912088,4.068428945128219,3.0382538898732494,1.1283791670955126,4.720348719413148,854,864,156,166,91,9.087912087912088
58,199.6875,165.8566176470588,5.933603279518799,2.6126802629613177,-0.31625475838909817,816.0,9.0,3.0,3.033457249070632,4.720348719413148,4.51351666838205,1.692568750643269,7.399277020331919,190,222,160,174,269,9.033457249070633
59,435.1330275229358,164.36697247706422,2.43917893226224,1.9568427827002273,-0.25702263346853316,218.0,5.0,2.0,2.369565217391304,3.7846987830302403,2.8209479177387813,1.1283791670955126,4.259537945889915,429,440,160,168,92,8.369565217391305
60,90.86994727592267,156.48506151142354,9.818451358614947,5.60960477561034,0.653169332064728,1707.0,7.0,3.0,3.4208416833667337,8.51907589177983,7.356132180109627,2.8209479177387813,11.084566571000565,78,111,139,171,499,8.420841683366733
61,821.4012048192772,153.8734939759036,5.154592351070695,2.5723654551301354,-1.1509831424770856,830.0,8.0,3.0,3.547008547008547,5.808687281605183,4.54864184146723,1.7841241161527712,7.158763278359629,814,830,144,164,234,9.547008547008547
62,281.75538160469665,166.11937377690802,3.505341026266847,2.857773917842744,-1.2663963586895157,511.0,6.0,3.0,2.8707865168539324,5.753627391751592,4.145929793656026,1.5957691216057308,6.282549314314218,274,288,159,174,178,8.870786516853933
63,621.9119170984455,175.24352331606218,3.897890906995002,1.7074981924872938,-0.5208849897310998,193.0,4.0,1.0,1.6083333333333334,4.145929793656026,3.141274657157109,1.2615662610100802,5.201570947860099,614,631,169,180,120,7.608333333333333
64,763.7131147540983,168.28688524590163,2.5895755836999705,1.6037814559582348,-0.642685210210191,122.0,4.0,1.0,1.8208955223880596,3.2410224072142872,2.326213245840639,0.9772050238058398,3.9088200952233594,759,769,163,172,67,7.82089552238806
65,726.1236749116608,183.7862190812721,8.224525732942128,5.313267137868024,-1.5280659458431198,566.0,6.0,1.0,1.6946107784431137,4.720348719413148,5.170882945826411,1.8712051592547776,8.722159296752494,718,743,170,200,334,7.6946107784431135
66,816.354512635379,181.17328519855596,3.738876016910224,3.1506302548501632,-0.27169561090143507,1385.0,15.0,5.0,5.630081300813008,5.140011726956917,4.259537945889915,1.692568750643269,6.863662517577698,805,825,173,189,246,11.630081300813009
67,499.3479587628866,168.29822680412371,14.951261067072533,8.474006625330265,-0.2180699782836093,12125.0,29.0,5.0,7.452366318377382,8.481629223064205,10.418429401242426,3.7846987830302403,18.498192550829796,464,538,136,188,1627,12.452366318377381
68,664.5130890052357,173.35602094240838,3.0011529944728137,2.04553692154682,1.546784166658876,191.0,4.0,1.0,1.6754385964912282,4.068428945128219,2.9316150714175193,1.1283791670955126,4.982787485166879,659,670,167,179,114,7.675438596491228
69,84.07421875,182.53125,4.548581436749657,2.5378417361815253,-1.3245313572727575,768.0,8.0,4.0,3.9792746113989637,6.076507779746499,4.442433223290478,1.7841241161527712,6.6755811781245455,78,90,173,192,193,9.979274611398964
70,980.375,175.1625,1.8997305659154942,1.1880625096884716,-0.7971669710412774,80.0,4.0,1.0,1.1764705882352942,2.763953195770684,1.8712051592547776,0.5641895835477563,2.985410660720923,976,986,169,179,68,8.176470588235293
71,393.29152848959905,179.75067832378656,9.902206787603927,6.498574377278912,-0.7148795792303249,3317.0,13.0,4.0,5.025757575757575,6.627726932618989,8.03846421247924,2.985410660720923,12.939513133525306,378,412,160,199,660,9.025757575757575
72,847.1038961038961,195.65584415584416,3.094949929029858,1.7282512798022112,-1.1869561841543579,154.0,4.0,2.0,1.7906976744186047,3.7846987830302403,2.7057581899030048,0.9772050238058398,4.478115991081385,841,852,190,202,86,7.790697674418604
73,339.1710037174721,195.20446096654274,6.430732765613874,1.9392016772360967,-0.03745368697574831,269.0,4.0,1.0,1.5549132947976878,5.201570947860099,3.523362819972964,1.381976597885342,5.670035141386943,329,353,189,199,173,9.554913294797688
74,22.14777618364419,196.43328550932569,15.210770795732751,3.77215991650035,0.44093922051116263,697.0,6.0,1.0,1.801033591731266,5.863230142835039,5.382025607773058,1.9544100476116797,9.25339718068125,0,45,181,211,387,7.801033591731266
75,657.081081081081,196.59459459459458,2.4929321435275402,1.2598946846236554,0.35051203469558023,74.0,3.0,1.0,1.2758620689655173,2.876813695875796,2.256758334191025,0.7978845608028654,3.431831258788849,652,662,193,199,58,8.275862068965518
76,802.0073529411765,200.6691176470588,2.4773489984300485,1.471383515144832,1.1901768398287313,136.0,6.0,2.0,2.3448275862068964,2.985410660720923,2.393653682408596,0.7978845608028654,3.5682482323055424,799,806,196,205,58,8.344827586206897
77,62.48,204.2290909090909,4.9560020805585525,1.8137547208550326,-0.8105312982888335,275.0,5.0,3.0,2.806122448979592,3.989422804014327,3.2897623212397704,1.2615662610100802,5.077706251929807,56,69,198,214,98,8.806122448979592
78,249.9052183173589,216.34149804756834,7.975361808056488,4.548869057180527,0.72452199096865,2817.0,13.0,4.0,5.207024029574861,7.653039857325812,6.817128675830715,2.763953195770684,11.098915530497878,235,272,203,232,541,10.207024029574862
79,282.18367346938777,207.01020408163265,2.394163152755081,1.7784021367237441,-0.29328195058655077,196.0,5.0,2.0,2.5789473684210527,3.385137501286538,2.6462837142006137,0.9772050238058398,4.1841419359420025,277,287,203,211,76,8.578947368421053
80,441.0571428571429,217.11428571428573,2.0073665503279265,1.727056580012009,1.2894852174068956,105.0,4.0,1.0,1.5909090909090908,2.9316150714175193,2.1850968611841584,0.7978845608028654,3.7846987830302403,437,445,211,221,66,7.590909090909091
81,744.9175824175824,216.5934065934066,2.536344181867157,2.076639052062879,0.30611231743768497,182.0,5.0,2.0,1.9361702127659575,3.0382538898732494,2.876813695875796,1.1283791670955126,4.720348719413148,738,750,212,222,94,7.9361702127659575
82,805.318018018018,220.95495495495496,7.134332732344868,3.63726043607458,0.05009018073059208,1110.0,8.0,2.0,2.505643340857788,6.076507779746499,5.613615477764332,2.1850968611841584,9.607802401865856,784,817,211,230,443,8.505643340857787
83,586.7397820163487,220.04632152588556,5.523032209371421,3.3272616819917578,1.156115289582237,734.0,6.0,2.0,2.5936395759717317,6.358093703724522,5.014626706796775,1.9544100476116797,8.117274569709014,580,598,208,232,283,8.593639575971732
84,883.1161904761905,213.7942857142857,3.302204244194548,2.098890855020599,0.8408843444217022,525.0,8.0,5.0,4.411764705882353,4.787307364817192,3.431831258788849,1.381976597885342,5.201570947860099,877,889,208,221,119,10.411764705882353
85,223.67381974248926,222.33690987124464,3.3973693652880126,1.8861924778094947,-0.8117068363169857,466.0,9.0,3.5,3.7580645161290325,3.742410318509555,3.2410224072142872,1.2615662610100802,5.140011726956917,217,230,215,229,124,10.758064516129032
86,691.3939393939394,231.96536796536796,2.341233312570534,2.1428196801613235,-1.2036967586401612,231.0,5.0,3.0,2.9615384615384617,3.949327084834294,2.9316150714175193,1.1283791670955126,4.442433223290478,686,695,227,237,78,7.961538461538462
87,315.54744525547443,235.86861313868613,2.305530401026041,1.9395183265024487,1.3939996873295077,137.0,4.0,2.0,1.9027777777777777,3.742410318509555,2.6462837142006137,0.9772050238058398,4.1841419359420025,312,319,231,243,72,8.902777777777779
88,464.510989010989,235.4120879120879,2.5948471307075778,1.6643040844933263,-1.1122112226637317,182.0,5.0,2.0,2.4266666666666667,3.431831258788849,2.5854414729132054,0.9772050238058398,4.029119531035698,461,468,230,241,75,8.426666666666666
89,906.1018817715263,244.3046949249192,7.204907351201995,6.468613644755004,-0.26994216002704186,5261.0,26.0,5.0,6.841352405721716,5.836022431559495,7.158763278359629,2.6462837142006137,12.951807210534664,890,930,226,258,769,11.841352405721716
90,118.25641025641026,243.4017094017094,5.16235206499186,1.6931019572496078,-0.2053751737423875,234.0,4.0,2.0,1.8,4.886025119029199,3.385137501286538,1.2615662610100802,5.4115163798060095,109,129,237,248,130,7.8
91,763.4861111111111,249.23611111111111,2.4212218853438454,2.1012083564734256,1.539719951384444,144.0,4.0,2.0,1.87012987012987,3.7846987830302403,2.7057581899030048,1.1283791670955126,4.222008245644752,759,767,243,253,77,7.87012987012987
92,1016.4278481012658,265.11139240506327,4.224825344695138,2.2644073043401756,0.9743824706361924,395.0,8.0,2.0,2.408536585365854,3.1915382432114616,3.826519928662906,1.2615662610100802,5.997417539138688,1009,1023,258,273,164,8.408536585365853
93,33.52879581151832,268.4450261780105,2.916991122563651,1.9055945341545097,-0.17297195583828667,191.0,4.0,2.0,1.9895833333333333,4.370193722368317,2.9316150714175193,1.1283791670955126,4.61809077155419,26,39,264,273,96,7.989583333333333
94,90.1146953405018,267.168458781362,4.511495275642306,2.6428782247991074,-0.9131620644215566,279.0,5.0,2.0,2.1968503937007875,3.989422804014327,3.6996385101659595,1.381976597885342,5.585191925620057,83,96,259,273,127,7.196850393700787
95,718.6307692307693,255.54038461538462,4.829564246928072,3.038034660582733,-1.4774445441560353,520.0,9.0,2.0,2.561576354679803,3.431831258788849,3.656366395715726,1.381976597885342,6.457444935117649,709,724,247,270,203,8.561576354679802
96,223.69281045751634,263.73856209150324,2.914466442438505,2.002457696824043,-1.1587193216287528,306.0,6.0,3.0,3.2903225806451615,4.406461512053774,3.0901936161855166,1.2615662610100802,4.787307364817192,219,228,256,269,93,9.290322580645162
97,984.2679425837321,273.1387559808612,3.305897246106475,2.016462583257308,1.2095511920196425,209.0,5.0,2.0,1.9174311926605505,3.0901936161855166,3.141274657157109,1.1283791670955126,5.108953969950291,980,989,265,280,109,7.91743119266055
98,516.5033783783783,263.93581081081084,5.145865696638882,2.1542828427846867,0.31698379362275175,296.0,5.0,2.0,1.8385093167701863,3.385137501286538,3.8678889139475245,1.4927053303604616,6.023896332520351,506,526,259,270,161,7.838509316770186
99,177.54555031604295,252.49197351259156,11.038099555603972,7.978905595765113,0.9108240876088902,39868.0,93.0,9.0,19.53356197942185,9.673836185197393,9.901487006738307,3.826519928662906,18.246976213834582,155,207,219,301,2041,24.53356197942185
100,535.5751633986928,272.2287581699346,3.046118113189413,1.6102556212615258,-1.4592809068493338,153.0,5.0,2.0,1.8658536585365855,2.7057581899030048,2.6462837142006137,0.9772050238058398,4.3336224206596095,532,539,265,278,82,7.865853658536586
101,276.45548654244305,275.1366459627329,3.487282643492028,3.0540146314672785,0.7279951115512395,483.0,6.0,3.0,3.0377358490566038,5.4115163798060095,4.029119531035698,1.5957691216057308,6.358093703724522,267,283,267,282,159,8.037735849056604
102,953.1748017083587,293.48139109212934,7.099971689932108,6.351666493810218,-1.0928635269364473,3278.0,11.0,3.0,4.138888888888889,8.97398468933946,7.653039857325812,3.141274657157109,12.84073677960901,939,971,277,317,792,10.13888888888889
103,789.6737044145873,281.6717850287908,4.395921905822005,2.1326155496308252,0.3747267986211001,521.0,8.0,3.0,3.046783625730994,4.296739856991561,3.7846987830302403,1.381976597885342,6.154581744998688,782,801,276,287,171,9.046783625730994
104,428.54451345755695,278.54451345755695,5.918603943710811,1.8904562722147658,0.6140277154027183,483.0,6.0,3.0,3.0377358490566038,5.641895835477563,4.145929793656026,1.5957691216057308,6.3078313050504,420,439,270,287,159,9.037735849056604
105,681.735632183908,283.18390804597703,6.794078304441852,2.12294663713286,-0.6905274623754775,435.0,6.0,2.0,2.543859649122807,5.014626706796775,4.296739856991561,1.5957691216057308,6.555290583552474,671,691,276,294,171,8.543859649122806
106,509.4007490636704,293.0187265917603,2.5357046841671425,1.8239666262501566,1.2237345386583849,267.0,7.0,3.0,3.513157894736842,3.385137501286538,2.763953195770684,1.1283791670955126,4.296739856991561,505,514,288,298,76,9.513157894736842
107,859.4913275880878,281.6281226137231,5.920562395942372,4.946279953984674,0.22729410398886826,9167.0,46.0,9.0,13.133237822349571,6.978639737521917,6.530966601401967,2.5231325220201604,11.269678104867614,846,879,266,295,698,18.13323782234957
108,635.638255033557,287.13691275167787,5.500212100329055,3.3976020827885356,-0.43394649209399605,1490.0,11.0,4.0,4.598765432098766,5.836022431559495,5.352372348458314,2.111004122822376,8.611980229936854,624,647,277,298,324,9.598765432098766
109,256.2855871886121,306.31583629893237,6.438970362003854,2.8241433727136447,-1.432569375510501,1124.0,8.0,4.0,4.14760147601476,7.442171739215616,5.440847306724618,2.1850968611841584,8.117274569709014,250,265,295,320,271,9.14760147601476
110,37.20335429769392,309.46121593291406,5.66341720227716,2.7235938982687786,-1.3192002365998312,477.0,6.0,3.0,2.8058823529411763,5.322553886092406,4.259537945889915,1.5957691216057308,6.6036697681803656,31,45,299,319,170,7.805882352941176
111,534.9545454545455,302.4727272727273,2.7265401734129955,1.5910218677086114,-0.8286990627373548,110.0,4.0,1.0,1.4864864864864864,3.2897623212397704,2.5854414729132054,0.9772050238058398,4.068428945128219,531,539,296,307,74,7.486486486486487
112,385.4037558685446,308.48826291079814,2.841373746330898,2.191385650081383,-1.5464019283159511,213.0,4.0,2.0,2.173469387755102,4.787307364817192,3.1915382432114616,1.2615662610100802,4.753945931439391,381,390,303,315,98,8.173469387755102
113,611.7281553398059,318.18446601941747,1.9939568976269524,1.6498587519780104,0.5995982983943676,103.0,4.0,2.0,1.6612903225806452,3.1915382432114616,2.256758334191025,0.7978845608028654,3.656366395715726,608,616,314,323,62,7.661290322580645
114,891.8048780487804,322.7839721254355,8.35588947328146,2.960885739034028,0.9887781964856971,574.0,5.0,2.0,2.3238866396761133,5.725898905580716,5.046265044040321,2.0342144725641096,7.735777827895049,881,903,312,335,247,8.323886639676113
115,681.0090497737557,318.14932126696834,2.404962471552618,2.092677025534305,-0.2832662218755923,221.0,5.0,2.0,2.4285714285714284,3.656366395715726,2.876813695875796,1.1283791670955126,4.478115991081385,674,686,314,323,91,8.428571428571429
116,567.6564417177914,323.9631901840491,2.4307187742517673,1.8919780516435682,-0.451644690194472,163.0,4.0,2.0,1.963855421686747,4.1073621666150775,2.763953195770684,1.1283791670955126,4.222008245644752,563,573,319,329,83,7.963855421686747
117,827.02523659306,316.82018927444796,2.54999004641913,2.0025791633397025,0.9350606954977114,317.0,7.0,3.0,3.336842105263158,3.431831258788849,2.8209479177387813,1.1283791670955126,4.583497844237541,821,831,312,323,95,9.336842105263157
118,460.92482292713714,322.970172280792,19.143655190266724,8.707175975824056,-0.15925452146144117,85558.0,70.0,14.0,20.959823615874573,18.290535541070522,16.214930341750197,6.530966601401967,26.636680279337916,400,527,289,351,4082,27.959823615874573
119,86.0452876376989,329.8482252141983,3.9173271050489316,3.182969962414044,0.2172461387079201,817.0,9.0,4.0,3.6473214285714284,5.108953969950291,4.478115991081385,1.692568750643269,7.024103669400641,76,95,321,338,224,10.647321428571429
120,769.2222762645914,337.9119649805447,4.66308394752727,3.737241454093232,0.6750521163433376,2056.0,18.0,5.0,6.740983606557377,5.698035485213008,4.787307364817192,1.8712051592547776,8.03846421247924,753,778,329,350,305,11.740983606557377
121,162.9331395348837,345.7267441860465,2.793296817085954,2.2358818804865903,-0.18491457504454964,344.0,6.0,3.0,3.372549019607843,4.583497844237541,3.1915382432114616,1.2615662610100802,5.046265044040321,157,169,341,350,102,8.372549019607844
122,926.882703777336,344.0457256461233,6.497443733651391,2.9606397311697252,-0.17756440723137598,503.0,5.0,2.0,2.3179723502304146,5.440847306724618,4.61809077155419,1.7841241161527712,7.136496464611085,918,948,337,352,217,8.317972350230415
123,695.3025751072961,343.156652360515,5.005244458569072,2.125589690268127,-0.815054346095,466.0,6.0,3.0,3.045751633986928,5.382025607773058,3.989422804014327,1.4927053303604616,6.180387232371033,688,703,336,352,153,8.045751633986928
124,126.36613819922225,335.85910858510323,5.595440695965678,3.8343132191234996,-0.40242985373970036,3343.0,21.0,7.0,8.036057692307692,6.506551687525748,5.808687281605183,2.326213245840639,9.45754080179648,111,138,324,347,416,13.036057692307692
125,51.63576158940398,355.21854304635764,5.809143056318698,1.6758656288899687,0.08246981355010213,302.0,6.0,2.0,2.359375,3.949327084834294,3.477898169151024,1.2615662610100802,5.499039842323396,41,62,352,359,128,8.359375
126,804.2401960784314,351.1764705882353,3.9276411375205122,1.8443063023443924,0.9949847993204519,204.0,5.0,1.0,1.6585365853658536,3.0382538898732494,3.0901936161855166,1.1283791670955126,5.170882945826411,797,810,343,358,123,7.658536585365853
127,638.3375127075568,362.5130464249407,11.016015660895338,6.057377280076103,0.8029522459424999,2951.0,10.0,3.0,3.6477132262051915,8.253382073025046,8.77673016883152,3.1915382432114616,14.070847494245605,622,658,341,383,809,8.647713226205191
128,609.3064516129032,362.91129032258067,1.7801089343619374,1.5848306687028801,-1.0119545782774249,124.0,5.0,3.0,2.6956521739130435,2.8209479177387813,2.111004122822376,0.7978845608028654,3.2897623212397704,606,613,360,367,46,10.695652173913043
129,846.5149700598803,359.1976047904192,2.4140855597214923,1.7797051137950488,-0.7344051559604996,167.0,7.0,2.0,2.141025641025641,2.1850968611841584,2.393653682408596,0.7978845608028654,4.145929793656026,842,853,355,364,78,8.14102564102564
130,514.8725868725869,364.996138996139,2.9932337784207883,1.8962413102596716,-0.38059780632546164,259.0,6.0,3.5,3.4078947368421053,4.029119531035698,2.876813695875796,1.1283791670955126,4.370193722368317,509,521,360,369,76,12.407894736842104
131,541.0304054054054,361.2162162162162,7.425612003344303,2.0164302153345504,-0.6122032886487095,296.0,4.0,2.0,1.85,5.4700209598571305,4.029119531035698,1.4927053303604616,6.358093703724522,531,554,352,368,160,8.85
132,791.0776255707763,374.45205479452056,2.648601713678891,1.8819279963684263,0.43420378102720975,219.0,6.0,2.0,2.4065934065934065,3.477898169151024,2.763953195770684,0.9772050238058398,4.478115991081385,786,798,370,379,91,9.406593406593407
133,1011.0605095541401,367.89171974522293,5.630288750540482,3.494454772651116,1.4429169824050279,628.0,6.0,2.0,2.3609022556390977,5.890312181373172,4.753945931439391,1.8712051592547776,7.735777827895049,1001,1019,355,382,266,8.360902255639099
134,363.97987117552333,374.0515297906602,7.707033575683704,3.2400507483737226,1.3325700303568602,1242.0,9.0,3.0,3.176470588235294,5.890312181373172,5.670035141386943,2.1850968611841584,9.114761669619748,353,373,358,393,391,9.176470588235293
135,695.6280193236715,372.1304347826087,2.495180426428202,1.7460365042666723,-1.2553877872135202,207.0,7.0,3.0,2.723684210526316,2.985410660720923,2.6462837142006137,0.9772050238058398,3.989422804014327,692,700,368,378,76,8.723684210526315
136,930.7622377622378,378.6643356643357,2.0046616746430233,1.6325676082059275,1.3824956766900736,143.0,5.0,2.0,2.2,2.876813695875796,2.326213245840639,0.7978845608028654,3.656366395715726,926,934,374,383,65,9.2
137,261.0309951060359,372.5301794453507,4.800808485265147,2.4040560473463066,1.0775016576144605,613.0,10.0,3.0,3.9294871794871793,3.949327084834294,3.5682482323055424,1.381976597885342,6.050259243299904,253,267,359,379,156,8.929487179487179
138,125.43103448275862,386.0155172413793,6.91233434030782,2.010528076742401,0.2474905945939473,580.0,7.0,3.0,3.152173913043478,4.51351666838205,4.1841419359420025,1.5957691216057308,6.6755811781245455,112,136,380,392,184,8.152173913043478
139,186.24074074074073,378.0462962962963,6.806870489097447,1.5560300473227262,0.9427557741798911,216.0,6.0,1.0,1.728,3.141274657157109,2.9316150714175193,1.1283791670955126,5.140011726956917,180,196,371,391,125,8.728
140,481.3312101910828,375.49044585987264,2.999796785551437,1.385098493535092,-0.8018001935786624,157.0,6.0,1.5,2.0128205128205128,2.876813695875796,2.326213245840639,0.7978845608028654,3.949327084834294,475,487,371,383,78,13.012820512820513
141,81.7875044122838,366.1877867984469,9.039949475353193,6.324484723374579,1.1778696867652683,2833.0,13.0,3.0,4.172312223858616,6.699380116989518,7.356132180109627,2.763953195770684,12.539740179716349,67,99,352,396,679,9.172312223858615
142,956.68125,391.275,4.778695540477681,1.4293678214548877,1.2261112302547974,160.0,4.0,1.5,1.6666666666666667,3.9088200952233594,2.876813695875796,0.9772050238058398,4.652426491681278,953,963,382,402,96,7.666666666666667
143,723.8401253918495,383.7147335423198,3.794066563164582,2.088857542732616,-0.9289513289357458,319.0,5.0,2.0,2.5317460317460316,4.442433223290478,3.5682482323055424,1.381976597885342,5.440847306724618,717,730,377,390,126,9.531746031746032
144,85.5046604527297,386.38748335552594,3.6280329963678573,3.0440279751639023,0.2747507443032191,751.0,9.0,3.0,3.8711340206185567,4.54864184146723,4.029119531035698,1.5957691216057308,6.555290583552474,76,93,379,394,194,11.871134020618557
145,644.1672025723473,398.491961414791,2.659100592878889,2.1755818272440597,-0.3005518845769243,311.0,7.0,3.0,2.961904761904762,3.477898169151024,3.0382538898732494,1.1283791670955126,4.787307364817192,639,651,393,404,105,8.961904761904762
146,604.3592233009708,405.7320388349515,8.045655151879101,3.5070783167567283,-1.2979926529662829,515.0,5.0,2.0,1.9731800766283525,4.54864184146723,4.918490759365935,1.7841241161527712,7.998767850296815,593,612,388,420,261,11.973180076628353
147,736.6609442060086,413.48068669527896,7.9760768618827145,3.793732006725464,0.9601696674425523,699.0,5.0,2.0,2.6082089552238807,6.4820448144285745,5.499039842323396,2.1850968611841584,8.311031542587394,726,748,399,424,268,7.608208955223881
148,78.26851851851852,413.52777777777777,5.25209397683515,2.737606054677417,-0.41048296152978886,540.0,6.0,3.0,3.016759776536313,5.698035485213008,4.1841419359420025,1.5957691216057308,6.579524642479541,68,87,406,421,179,8.016759776536313
149,407.8125,411.72222222222223,2.792396815151286,1.5500655737461493,-0.07950064006343245,144.0,5.0,2.0,1.8461538461538463,2.5854414729132054,2.4592453796829674,0.7978845608028654,4.1841419359420025,403,415,408,416,78,8.846153846153847
150,331.4389400921659,415.7073732718894,5.098810230074225,2.791380981048014,-0.843298963737833,868.0,9.0,3.0,3.364341085271318,5.046265044040321,4.54864184146723,1.7841241161527712,7.334464586120832,319,343,405,424,258,9.364341085271318
151,677.6688432835821,422.22481343283584,4.9151870339088415,3.0287403131910615,0.5843602369505164,1072.0,12.0,4.0,4.620689655172414,5.046265044040321,4.54864184146723,1.7841241161527712,7.269074295019226,666,689,412,430,232,9.620689655172415
152,286.5659574468085,412.0978723404255,2.912367825571948,2.162773340895747,-1.5472789469663535,235.0,4.0,2.0,2.079646017699115,4.61809077155419,3.2410224072142872,1.2615662610100802,5.046265044040321,282,291,406,420,113,8.079646017699115
153,127.08400646203555,424.36995153473345,5.9827108811128005,2.7296467576866164,-1.493178323819717,619.0,6.0,2.0,2.611814345991561,5.970821321441846,4.61809077155419,1.7841241161527712,7.334464586120832,121,134,410,435,237,8.611814345991561
154,391.9944751381216,428.3508287292818,3.1157531319307306,2.2717138478756045,-0.6216378093955112,362.0,7.0,3.0,2.661764705882353,3.9088200952233594,3.385137501286538,1.2615662610100802,5.232078956954491,385,399,423,436,136,8.661764705882353
155,767.7460317460317,431.0952380952381,2.4140162091529813,1.9005744096084778,0.2782266979638774,189.0,7.0,2.0,2.0543478260869565,2.1850968611841584,2.7057581899030048,0.7978845608028654,4.406461512053774,763,774,426,436,92,8.054347826086957
156,985.0119047619048,432.92261904761904,6.9163254197407795,3.5986080391865922,0.36567992886631556,336.0,4.0,2.0,1.68,6.076507779746499,4.442433223290478,1.692568750643269,6.770275002573076,976,999,422,440,200,7.68
157,104.47476635514019,430.4785046728972,3.6152244494055643,2.5557498181167255,1.3731526102594285,535.0,7.0,3.0,3.11046511627907,4.853342309955121,3.826519928662906,1.4927053303604616,6.023896332520351,99,111,420,439,172,9.11046511627907
158,507.44676072049606,511.6204632697923,50.47262635872814,43.52202398891384,-1.543145494458271,1523950.0,173.0,17.0,28.29675430778372,28.36140127684877,55.34524401198912,20.12188299403865,98.65093238375,384,643,352,702,53856,32.29675430778372
159,697.408,439.716,3.5992006023766923,1.8315662761117624,0.537064779978327,250.0,5.0,2.0,2.0491803278688523,3.742410318509555,3.141274657157109,1.1283791670955126,4.982787485166879,689,704,434,446,122,9.049180327868852
160,861.158904109589,445.6575342465753,4.530202205673781,2.513622149685044,-0.40208855979247005,365.0,6.0,2.0,2.5886524822695036,4.61809077155419,3.523362819972964,1.381976597885342,5.585191925620057,853,872,440,454,141,10.588652482269504
161,35.45199501246883,452.4713216957606,7.992991852550605,4.40349291271146,0.4181861311470663,1604.0,10.0,3.0,3.7741176470588234,5.917270272703197,6.333012368467128,2.326213245840639,10.217907939900583,21,55,436,464,425,8.774117647058823
162,732.0427807486631,460.45454545454544,3.470770514460274,1.682519471100631,-0.4029535925042599,187.0,4.0,1.0,1.7476635514018692,3.9088200952233594,2.876813695875796,1.1283791670955126,4.61809077155419,725,741,455,465,107,7.747663551401869
163,124.86183465458663,459.4722536806342,4.506104074777767,2.923703662063745,1.5599476828904453,883.0,9.0,4.0,4.145539906103286,5.382025607773058,4.583497844237541,1.7841241161527712,7.136496464611085,118,132,451,470,213,9.145539906103286
164,800.2832524271845,471.77997572815536,7.752885032050251,6.692344319152507,-1.4621295108067496,24720.0,73.0,13.0,19.433962264150942,8.848967849484623,8.79484521425256,3.431831258788849,15.117754405994354,784,819,452,494,1272,24.433962264150942
165,248.5622009569378,457.4354066985646,3.130065076223103,2.696073820280331,1.2840996139833587,418.0,6.0,3.0,3.028985507246377,5.292567428401227,3.7846987830302403,1.4927053303604616,5.725898905580716,243,254,451,464,138,9.028985507246377
166,359.8222222222222,473.44444444444446,2.019455730657815,1.7310015751425023,0.9955763258132222,135.0,5.0,2.0,2.109375,2.763953195770684,2.326213245840639,0.7978845608028654,3.742410318509555,356,364,468,477,64,8.109375
167,331.2317880794702,486.21854304635764,3.1978105190247765,2.37195351800559,-0.5651969979324407,302.0,6.0,2.0,2.237037037037037,4.145929793656026,3.431831258788849,1.2615662610100802,5.556622981616415,325,337,478,492,135,8.237037037037037
168,89.52083333333333,476.484375,3.1653281113551373,1.5714970927069773,-0.6056461180507888,192.0,5.0,2.0,2.4,3.431831258788849,2.763953195770684,0.9772050238058398,4.3336224206596095,81,94,472,481,80,8.4
169,919.2009357423722,509.48494350704294,9.38279121019248,8.051731766531818,-1.0268678794161004,20091.0,70.0,6.0,12.928571428571429,7.673807981960539,8.175883811466258,3.0901936161855166,16.214930341750197,880,939,472,537,1554,17.928571428571427
170,282.1450903761602,493.3497801660967,9.512108615849103,4.08007748203027,0.4597803969381875,2047.0,9.0,4.0,3.982490272373541,7.837972188868215,7.091753098990329,2.763953195770684,11.127557940783529,265,302,479,508,514,8.982490272373541
171,797.016393442623,511.672131147541,1.8986055961333481,1.6963767256490312,-0.7792986508497234,122.0,5.0,2.0,2.033333333333333,2.5854414729132054,2.1850968611841584,0.7978845608028654,3.523362819972964,793,801,507,515,60,10.033333333333333
172,660.8640776699029,508.8932038834951,2.054754879603078,1.7982043787161641,0.9030074575206414,103.0,3.0,1.0,1.3918918918918919,3.2897623212397704,2.4592453796829674,0.9772050238058398,3.826519928662906,656,665,505,514,74,11.391891891891891
173,779.8076923076923,506.0128205128205,4.555746550139309,1.8265354869589152,0.5488225648911198,156.0,3.0,1.0,1.248,4.029119531035698,3.1915382432114616,1.2615662610100802,4.918490759365935,772,787,496,511,125,9.248
174,132.1083172147002,519.1141199226306,5.378997949621641,2.3286626139488917,-0.11380380408828737,517.0,9.0,2.0,2.7354497354497354,3.3377905890622728,3.7846987830302403,1.381976597885342,6.333012368467128,122,143,512,525,189,8.735449735449736
175,987.4499570446735,549.8471506300115,17.052513970271836,14.683213809109064,0.14675218837149243,27936.0,59.0,5.0,9.473041709053916,8.481629223064205,11.631066229203196,4.068428945128219,25.19344980447256,935,1022,515,608,2949,13.473041709053916
176,184.61864406779662,514.5550847457627,5.704616622602805,1.9505499800819506,0.06698675066208426,236.0,5.0,2.0,1.888,3.1915382432114616,3.2897623212397704,1.2615662610100802,5.352372348458314,177,196,508,519,125,8.888
177,2.427843803056027,534.144312393888,5.49492536145828,1.7493778779379512,-1.4348264419755634,589.0,10.0,3.0,3.505952380952381,3.949327084834294,3.5682482323055424,1.381976597885342,5.997417539138688,0,7,520,545,168,9.505952380952381
178,694.7412587412588,522.8041958041958,3.1235997981164325,1.6781417274438382,-0.21651735071434566,143.0,3.0,1.0,1.4895833333333333,3.7846987830302403,2.8209479177387813,1.1283791670955126,4.478115991081385,688,701,519,527,96,9.489583333333334
179,314.5131578947368,527.5169172932331,3.716249261877307,2.805929903785079,0.026885902635836675,532.0,7.0,3.0,3.0930232558139537,4.61809077155419,3.8678889139475245,1.5957691216057308,6.102643417692329,304,322,521,535,172,9.093023255813954
180,871.0833333333334,522.8397435897435,3.4756733025425675,1.4771392376667032,-1.441846893832703,156.0,6.0,2.0,2.0,2.7057581899030048,2.6462837142006137,0.9772050238058398,4.370193722368317,868,874,516,530,78,9.0
181,382.54285714285714,534.925,3.684283653034505,1.9385246822345723,0.5311678192387573,280.0,5.0,2.0,2.24,4.222008245644752,3.431831258788849,1.381976597885342,5.140011726956917,375,391,529,540,125,9.24
182,634.4150943396227,537.5047169811321,4.001601235129632,1.610330363947367,-1.2958369257610918,212.0,5.0,2.0,2.163265306122449,3.385137501286538,2.876813695875796,1.1283791670955126,4.652426491681278,631,639,531,548,98,10.16326530612245
183,738.5321336760926,540.7120822622107,3.7811147657468145,2.989757627594725,0.15332698963048674,389.0,6.0,3.0,2.7588652482269502,4.950743503369154,3.826519928662906,1.381976597885342,5.890312181373172,729,746,536,548,141,8.75886524822695
184,205.85146022155087,539.269889224572,6.885537929842027,3.7764177779816297,0.4750838519891203,1986.0,11.0,5.0,5.610169491525424,7.225151993843567,6.050259243299904,2.393653682408596,9.40692023773423,191,218,529,550,354,9.610169491525424
185,920.1762820512821,544.9070512820513,3.337349525217911,2.088263599060631,0.9837555744570303,312.0,7.0,3.0,2.7610619469026547,3.477898169151024,3.1915382432114616,1.1283791670955126,5.014626706796775,915,927,538,551,113,8.761061946902656
186,93.15730337078652,540.4662921348314,2.7879750293306875,1.8818082542371268,-0.11526858830737702,178.0,4.0,2.0,1.956043956043956,4.1841419359420025,2.8209479177387813,1.1283791670955126,4.54864184146723,88,101,536,545,91,7.956043956043956
187,355.69032418025165,551.7968759685117,7.663237568564334,6.172585563581128,0.7024788048402175,16133.0,58.0,9.0,15.077570093457943,7.817640190446719,7.817640190446719,3.0382538898732494,14.01417852659937,334,380,536,576,1070,21.077570093457943
188,792.5571428571428,560.2469387755102,5.11796374830407,3.2742593719437982,0.6347598084374622,980.0,9.0,3.0,3.4146341463414633,5.262410103554244,4.918490759365935,1.8712051592547776,7.776816725043752,781,802,550,571,287,9.414634146341463
189,856.6516129032258,548.7354838709678,2.9220904912016765,2.2998694850501673,-0.8903793742284288,155.0,3.0,2.0,1.5196078431372548,4.145929793656026,3.3377905890622728,1.2615662610100802,4.982787485166879,851,862,544,554,102,8.519607843137255
190,839.5740938166311,569.2366737739873,8.836835062440036,4.375829318182876,1.034758693189802,1876.0,10.0,3.0,3.2912280701754386,7.506054213402069,6.955796338302048,2.7057581899030048,11.041407809169618,828,856,553,586,570,9.291228070175439
191,130.47863247863248,563.0940170940171,5.420579575633629,2.186572249510961,-1.3153249528073074,234.0,5.0,2.0,2.1869158878504673,3.3377905890622728,3.1915382432114616,1.1283791670955126,5.077706251929807,124,136,554,572,107,8.186915887850468
192,897.1284916201117,568.1899441340782,2.1627172839865167,1.9892752240451554,-1.19115374921298,179.0,5.0,2.0,2.324675324675325,3.385137501286538,2.7057581899030048,0.9772050238058398,4.145929793656026,893,902,564,574,77,8.324675324675324
193,162.89017341040463,565.028901734104,2.9457544220628744,1.7446311189337091,1.0679631105397172,173.0,4.0,2.0,2.189873417721519,4.259537945889915,2.876813695875796,1.1283791670955126,4.370193722368317,158,167,560,570,79,9.189873417721518
194,283.7573099415205,570.3245614035088,4.684577803208136,1.9739149398329285,-0.6180286554128753,342.0,5.0,3.0,2.5714285714285716,4.787307364817192,3.9088200952233594,1.4927053303604616,5.753627391751592,274,291,564,578,133,7.571428571428571
195,971.530487804878,578.0914634146342,2.5043527937915786,2.2495300479069877,0.7470569431754792,328.0,8.0,2.0,3.2475247524752477,3.6996385101659595,2.8209479177387813,1.1283791670955126,4.652426491681278,965,976,573,583,101,12.247524752475247
196,713.9795918367347,581.2074829931972,3.239776497955248,2.43301587155172,-0.9248665827504899,294.0,5.0,2.0,2.055944055944056,3.8678889139475245,3.477898169151024,1.2615662610100802,5.585191925620057,708,721,574,588,143,8.055944055944057
197,737.9461077844311,588.9461077844311,1.7526521769820294,1.641601868491488,-1.1951185305534655,167.0,7.0,2.0,2.737704918032787,2.7057581899030048,2.0342144725641096,0.7978845608028654,3.3377905890622728,733,742,585,593,61,8.737704918032787
198,859.1818181818181,591.5151515151515,1.9266179808404311,1.6064287447993053,0.7024234777856389,132.0,6.0,2.0,2.1639344262295084,2.763953195770684,2.1850968611841584,0.7978845608028654,3.523362819972964,855,864,588,595,61,10.163934426229508
199,640.16,591.1555555555556,3.8545904342511808,1.8046549525706173,-0.042806885472971505,225.0,5.0,2.0,2.1634615384615383,3.5682482323055424,3.2897623212397704,1.2615662610100802,5.046265044040321,632,648,587,595,104,9.163461538461538
200,386.5352564102564,589.7692307692307,2.841573075919907,2.3092213976707967,-0.0438444758721337,312.0,7.0,2.0,2.381679389312977,3.141274657157109,2.985410660720923,1.1283791670955126,5.201570947860099,380,393,584,597,131,10.381679389312977
201,341.91937461679953,600.5858369098712,6.782707250783383,4.0227193315367575,0.9008074700570871,3262.0,21.0,5.0,6.881856540084388,5.698035485213008,5.997417539138688,2.326213245840639,10.217907939900583,328,355,585,618,474,12.881856540084389
202,990.542372881356,607.8813559322034,2.764008623016828,1.9418176130507352,1.1108819643288237,295.0,7.0,3.0,3.4705882352941178,3.6125759969217834,3.0382538898732494,1.1283791670955126,4.61809077155419,986,995,601,613,85,9.470588235294118
203,948.1129032258065,597.9959677419355,5.379864686822764,2.9946084302745186,0.6005661133285352,496.0,6.0,2.0,1.9224806201550388,5.262410103554244,4.54864184146723,1.7841241161527712,7.136496464611085,937,958,587,606,258,10.922480620155039
204,264.3672316384181,600.2485875706215,5.330839789174045,1.740563150889883,0.7876159511167448,177.0,4.0,1.0,1.18,3.6996385101659595,3.3377905890622728,1.2615662610100802,5.585191925620057,257,274,591,614,150,7.18
205,158.4787322336342,595.359010270775,8.923377988229305,6.808330042360936,0.5522693425366881,19278.0,51.0,9.0,13.869064748201438,9.218933756735217,9.149617481968136,3.5682482323055424,16.448811606198852,134,187,573,616,1390,18.86906474820144
206,774.7153558052435,608.6104868913858,3.1811506457794025,2.154946048304346,-0.614202736301339,267.0,5.0,2.0,2.282051282051282,3.9088200952233594,3.2897623212397704,1.2615662610100802,5.077706251929807,769,782,604,615,117,8.282051282051283
207,1011.5722222222222,627.7611111111111,3.4286650765842035,1.6811948984263179,-0.7282415574290174,180.0,4.0,2.0,2.0224719101123596,4.1073621666150775,2.8209479177387813,1.1283791670955126,4.61809077155419,1005,1017,622,634,89,10.02247191011236
208,597.2631038026722,631.9732785200412,4.60545349857768,2.7690152063761286,-0.8834930322988429,973.0,11.0,5.0,4.723300970873787,4.982787485166879,4.51351666838205,1.692568750643269,6.955796338302048,590,606,624,642,206,9.723300970873787
209,884.6461538461539,628.1461538461539,2.4293492717932765,1.9820739504701743,-1.0893435808909078,130.0,4.0,2.0,1.6666666666666667,3.5682482323055424,2.7057581899030048,0.9772050238058398,4.296739856991561,881,889,624,634,78,8.666666666666666
210,22.14406779661017,632.2796610169491,1.9826436638592597,1.8237572456661721,-1.1469245050493744,118.0,4.0,2.0,1.7878787878787878,3.431831258788849,2.393653682408596,0.7978845608028654,3.826519928662906,18,26,627,637,66,7.787878787878788
211,138.5952380952381,620.5750915750916,3.453798192071529,2.9938541072506393,-0.916552024195096,546.0,7.0,3.0,3.230769230769231,4.51351666838205,3.989422804014327,1.4927053303604616,6.407961869245868,132,147,613,628,169,10.23076923076923
212,551.2293689320388,635.875,4.649459031256903,3.2837086063872505,1.0833282036334972,824.0,10.0,3.0,3.2828685258964145,4.787307364817192,4.478115991081385,1.692568750643269,7.247146419131151,538,560,627,646,251,16.282868525896415
213,989.6251552795031,643.3586956521739,10.72817382438706,5.014621823082767,-0.9521281578314094,3220.0,11.0,5.0,4.961479198767335,9.474354220939228,7.878478774854901,3.141274657157109,12.27031279816994,976,1020,621,662,649,9.961479198767334
214,371.73952095808386,639.245508982036,9.268900481906185,3.0225827650389387,0.020180658516499396,334.0,5.0,1.0,1.3413654618473896,2.9316150714175193,4.442433223290478,1.5957691216057308,7.356132180109627,357,391,632,647,249,7.341365461847389
215,821.876404494382,637.8988764044943,2.9019322122505304,2.5334672179444406,-0.24926334545330928,178.0,4.0,1.0,1.5344827586206897,4.222008245644752,3.1915382432114616,1.1283791670955126,5.046265044040321,815,828,631,643,116,8.53448275862069
216,164.3205329153605,634.1802507836991,7.21449463253547,3.3272417550575244,0.5637094419037892,1276.0,9.0,4.0,3.775147928994083,5.917270272703197,6.023896332520351,2.326213245840639,9.18434101276213,152,176,624,646,338,8.775147928994082
217,406.97202797202794,644.1188811188811,2.3892874985192196,1.9549538716287678,1.109932255100496,143.0,5.0,1.5,1.7875,2.8209479177387813,2.6462837142006137,0.9772050238058398,4.3336224206596095,403,412,640,649,80,7.7875
218,461.12132352941177,655.0772058823529,8.592024244850913,2.395270669846336,-0.35406118237582795,816.0,7.0,3.0,3.2771084337349397,5.808687281605183,5.108953969950291,1.9544100476116797,7.858251581595959,447,480,648,663,249,11.27710843373494
219,496.69712351945856,659.1167512690355,4.651381148255812,2.5540649528247545,-0.9550242409323756,591.0,7.0,3.0,3.094240837696335,4.982787485166879,4.259537945889915,1.692568750643269,6.6036697681803656,490,509,651,669,191,13.094240837696335
220,596.9257641921397,655.2227074235808,2.5145051299536303,2.120263390521024,-0.7828934880188045,229.0,5.0,2.0,2.3854166666666665,3.7846987830302403,2.876813695875796,1.1283791670955126,4.406461512053774,591,603,650,660,96,10.385416666666666
221,151.95283018867926,657.5377358490566,2.162344032109831,1.6696108628784259,-0.38953266845694556,106.0,4.0,1.0,1.6307692307692307,3.1915382432114616,2.256758334191025,0.7978845608028654,3.742410318509555,147,157,654,662,65,7.630769230769231
222,238.89864864864865,658.3108108108108,2.383262804319525,2.0901168279249966,-0.5848425210236889,148.0,4.0,2.0,1.7011494252873562,3.742410318509555,2.7057581899030048,0.9772050238058398,4.442433223290478,233,244,653,663,87,7.7011494252873565
223,335.8647995488843,676.8234741279772,11.777828085063886,10.007667716716686,-0.8486705388144299,37241.0,63.0,7.0,14.490661478599222,11.631066229203196,11.617374563210365,4.51351666838205,21.147704132794793,297,380,637,708,2570,19.490661478599222
224,204.89655172413794,658.8206896551724,4.3970278797365765,1.9641218999636498,0.37166120917972234,145.0,5.0,1.0,1.1507936507936507,0.9772050238058398,3.2410224072142872,1.1283791670955126,5.140011726956917,198,213,654,664,126,9.15079365079365
225,529.5176470588235,660.9235294117647,2.9634002921347022,2.205016902215953,0.37731888671391217,340.0,8.0,3.0,2.982456140350877,3.477898169151024,3.0901936161855166,1.1283791670955126,5.046265044040321,524,538,656,667,114,13.982456140350877
226,902.2468021068472,666.2603461249059,5.350352025365418,3.521690349627544,-0.5650092284533859,1329.0,13.0,3.0,4.273311897106109,4.61809077155419,4.686510657907603,1.7841241161527712,8.018640596081465,893,918,655,679,311,13.27331189710611
227,77.54545454545455,666.1590909090909,1.910674714117109,1.478371559344136,0.5164883680288288,88.0,4.0,1.0,1.543859649122807,2.7057581899030048,1.9544100476116797,0.7978845608028654,3.431831258788849,74,82,661,669,57,7.543859649122807
228,415.40434782608696,666.054347826087,5.39008537639861,2.442398696597758,-0.3238730863691043,460.0,6.0,3.0,2.787878787878788,5.140011726956917,3.989422804014327,1.4927053303604616,6.333012368467128,406,426,660,672,165,7.787878787878788
229,209.07926829268294,680.0731707317074,2.637837416968482,2.4606028910232154,-0.14685357171363367,328.0,6.0,3.0,2.9285714285714284,4.478115991081385,3.1915382432114616,1.2615662610100802,5.046265044040321,203,215,675,685,112,8.928571428571429
230,588.6666666666666,683.3053435114504,3.514912205375541,2.1902695072059215,-1.1833381458426508,393.0,6.0,2.0,2.8686131386861313,4.54864184146723,3.431831258788849,1.381976597885342,5.585191925620057,584,594,676,690,137,8.86861313868613
231,725.8468468468468,689.0514800514801,4.2352587839433165,2.6002035831044377,1.5457829737089812,777.0,9.0,4.0,4.292817679558011,5.108953969950291,4.222008245644752,1.692568750643269,6.555290583552474,721,732,678,698,181,9.292817679558011
232,31.18548387096774,676.4032258064516,3.3265541194779695,1.403892211175237,-0.2580475156106126,124.0,4.0,2.0,1.6756756756756757,3.523362819972964,2.4592453796829674,0.9772050238058398,3.9088200952233594,25,40,673,681,74,8.675675675675675
233,647.3053385416666,686.2493489583334,12.508538586962045,3.2179207920179125,-0.6559892104019032,1536.0,7.0,3.0,3.310344827586207,7.998767850296815,7.001408606295148,2.8209479177387813,10.734438914006276,628,669,673,704,464,8.310344827586206
234,947.8095238095239,676.4940476190476,2.113014267095528,2.0496914522337266,-0.44444852788539635,168.0,5.0,2.0,2.24,3.1915382432114616,2.6462837142006137,0.9772050238058398,4.222008245644752,943,952,672,681,75,9.24
235,706.063492063492,689.436507936508,2.9019050330489864,1.716935881720324,-1.2276599050596564,126.0,4.0,1.0,1.5,3.431831258788849,2.7057581899030048,0.9772050238058398,4.406461512053774,702,711,683,695,84,7.5
236,54.71009771986971,680.9771986970684,2.9465039833890216,2.205043205821829,-0.9960922961411296,307.0,6.0,2.0,2.6016949152542375,4.1841419359420025,3.2410224072142872,1.2615662610100802,5.108953969950291,50,60,675,687,118,8.601694915254237
237,859.567611585527,661.8539043929924,20.296645844782894,11.067565326866939,-0.09405594339941392,22718.0,47.0,5.0,8.853468433359314,9.114761669619748,11.084566571000565,4.029119531035698,22.42609239636699,829,933,627,701,2566,13.853468433359314
238,1015.0797872340426,703.1117021276596,4.428621466752356,2.5361976112841655,0.7597304370390625,188.0,3.0,2.0,1.5284552845528456,4.720348719413148,3.826519928662906,1.5957691216057308,5.585191925620057,1010,1023,695,709,123,7.528455284552845
239,371.7654320987654,699.8271604938271,4.1761081404921105,2.108165317577365,0.31988281271330626,324.0,4.0,2.0,2.4,5.725898905580716,3.7846987830302403,1.5957691216057308,5.641895835477563,364,382,695,705,135,8.4
240,19.9875,710.96875,3.2127998903579518,1.7162558235893217,-0.5865377852699175,160.0,4.0,1.0,1.6842105263157894,3.7846987830302403,2.763953195770684,0.9772050238058398,4.478115991081385,15,27,704,716,95,7.684210526315789
241,598.3601694915254,708.1483050847457,3.752557267910572,1.7574502520843391,-1.0620692350376109,236.0,4.0,2.0,2.185185185185185,4.918490759365935,3.2410224072142872,1.2615662610100802,5.077706251929807,593,603,701,715,108,8.185185185185185
242,759.5017543859649,707.7543859649123,3.1329573141779825,2.007582996121744,0.1566838859625881,285.0,5.0,3.0,2.52212389380531,4.259537945889915,3.1915382432114616,1.2615662610100802,4.918490759365935,753,766,703,713,113,8.52212389380531
243,419.7470355731225,705.3715415019763,4.742432743978879,1.7611825524561415,1.3763930674385811,253.0,6.0,2.0,2.5555555555555554,3.6125759969217834,3.0901936161855166,1.1283791670955126,4.918490759365935,415,423,699,717,99,7.555555555555555
244,740.25,704.0967741935484,2.585920114225038,1.8813662628477097,-1.0810929654737234,124.0,3.0,1.0,1.4761904761904763,3.523362819972964,2.8209479177387813,1.1283791670955126,4.442433223290478,736,745,699,710,84,7.476190476190476
245,531.827397260274,710.5643835616438,3.2036484227895556,2.4903844889664444,1.5163467634128014,365.0,6.0,3.0,2.7238805970149254,4.787307364817192,3.6125759969217834,1.381976597885342,5.585191925620057,526,538,703,717,134,8.723880597014926
246,293.2178217821782,705.1584158415842,4.134159023447179,2.0811623593730255,0.9494317280738492,202.0,5.0,2.0,1.9611650485436893,3.1915382432114616,2.985410660720923,1.1283791670955126,4.886025119029199,288,299,696,712,103,8.96116504854369
247,804.3703703703703,717.2870370370371,2.7150566336391937,2.4155390558275873,-1.5588559663982755,216.0,5.0,2.0,1.815126050420168,3.1915382432114616,3.141274657157109,1.2615662610100802,5.077706251929807,799,809,710,723,119,7.815126050420168
248,675.2410283877879,725.4054633101232,4.9143504103760725,3.8747105081720354,-1.1017754469569445,1867.0,13.0,4.0,4.702770780856423,6.128667601500942,5.382025607773058,2.111004122822376,8.79484521425256,663,686,713,737,397,10.702770780856422
249,884.4358974358975,715.8787878787879,2.8418763301952623,2.3307352239464305,-0.23055088780365207,429.0,7.0,3.0,3.432,4.3336224206596095,3.2897623212397704,1.381976597885342,5.232078956954491,878,891,710,721,125,9.432
250,376.74666666666667,716.6986666666667,4.223551046922874,2.1899703951966663,0.4098175087568139,375.0,5.0,3.0,2.7777777777777777,4.853342309955121,3.742410318509555,1.4927053303604616,5.753627391751592,369,384,712,723,135,7.777777777777778
251,335.14542190305207,731.6265709156194,4.631478844894371,2.600775137327435,-1.0485323181262043,557.0,6.0,3.0,2.9162303664921465,6.050259243299904,4.3336224206596095,1.692568750643269,6.746726148605861,328,343,722,742,191,8.916230366492147
252,506.9389671361502,704.8122065727699,6.836424524149573,1.475588013998508,-1.5376420509275597,213.0,4.0,1.0,1.3229813664596273,4.259537945889915,3.5682482323055424,1.2615662610100802,5.863230142835039,504,511,694,722,161,7.3229813664596275
253,852.0997920997921,720.5218295218295,5.452662544092949,2.7661321972090906,0.14298434976469115,481.0,6.0,2.0,2.3694581280788176,4.950743503369154,4.1841419359420025,1.5957691216057308,6.886811529393324,840,862,714,727,203,8.369458128078819
254,292.63227016885554,725.7842401500939,5.131561332641294,2.943069991158565,-0.2606469510507333,533.0,6.0,3.0,2.9447513812154695,5.670035141386943,4.222008245644752,1.692568750643269,6.6755811781245455,283,305,719,733,181,9.94475138121547
255,856.4733333333334,746.0866666666667,3.453425833394659,1.869659806181068,-0.6957505584216805,150.0,4.0,1.0,1.3636363636363635,3.6996385101659595,3.0382538898732494,1.1283791670955126,4.918490759365935,849,863,740,751,110,9.363636363636363
256,251.93945720250522,739.3173277661796,5.509072258401189,2.1024984066086745,-0.18942354210880527,479.0,6.0,3.0,3.258503401360544,5.698035485213008,4.029119531035698,1.4927053303604616,6.128667601500942,241,260,734,744,147,8.258503401360544
257,92.1896551724138,745.2844827586207,3.2540041383299556,1.621963143816709,1.1490881064143283,116.0,3.0,1.0,1.3488372093023255,3.141274657157109,2.763953195770684,0.9772050238058398,4.54864184146723,88,96,739,753,86,7.348837209302325
258,168.88709677419354,749.616935483871,2.6333148524390952,1.8618945182172137,1.1142927165804029,248.0,8.0,2.0,2.8181818181818183,2.8209479177387813,2.5854414729132054,0.9772050238058398,4.370193722368317,165,174,744,756,88,8.818181818181818
259,928.6312056737588,756.0354609929078,3.340028369200501,1.440742198381574,-1.1109810070036223,141.0,5.0,1.0,1.7407407407407407,2.6462837142006137,2.256758334191025,0.7978845608028654,3.949327084834294,924,933,752,766,81,7.7407407407407405
260,263.69026548672565,758.6814159292036,2.459651684285617,1.6158865655427852,-1.3860959279425495,113.0,4.0,1.0,1.591549295774648,3.2410224072142872,2.4592453796829674,0.9772050238058398,4.029119531035698,260,267,753,764,71,7.591549295774648
261,319.37335092348286,757.4366754617414,3.384058392955629,2.827330545900986,0.17907477628098903,758.0,10.0,4.5,4.679012345679013,5.077706251929807,3.949327084834294,1.5957691216057308,6.102643417692329,310,326,751,764,162,10.679012345679013
262,277.844262295082,762.639344262295,1.9083047442947432,1.5467937157917788,0.2621884065932034,122.0,5.0,2.5,2.3461538461538463,2.876813695875796,2.111004122822376,0.7978845608028654,3.2410224072142872,274,281,759,766,52,8.346153846153847
263,793.2224,763.7248,5.374288939308353,2.5739894321659516,1.3578732542604062,625.0,8.0,2.0,2.840909090909091,4.370193722368317,4.296739856991561,1.5957691216057308,7.1141599576634995,786,799,752,775,220,8.840909090909092
264,359.13475177304963,757.6524822695036,5.527907456868566,1.428601129572709,0.17083056901648352,141.0,4.0,1.0,1.4536082474226804,3.6125759969217834,2.8209479177387813,1.1283791670955126,4.583497844237541,352,370,754,762,97,7.453608247422681
265,880.9814814814815,761.2592592592592,1.890782506199797,1.728297672526738,1.1766539501565991,108.0,4.0,2.0,1.7704918032786885,3.141274657157109,2.1850968611841584,0.7978845608028654,3.656366395715726,877,885,756,765,61,7.770491803278689
266,31.246376811594203,763.2691511387163,5.55225493111501,4.500975784080787,0.6248923954686867,966.0,8.0,3.0,3.389473684210526,5.890312181373172,5.382025607773058,1.9544100476116797,8.51907589177983,23,46,754,775,285,8.389473684210527
267,328.1140583554377,782.6671087533157,5.9707476665447015,2.097638306503645,0.3235533917972406,754.0,12.0,3.0,3.906735751295337,3.742410318509555,4.029119531035698,1.4927053303604616,6.746726148605861,319,343,777,789,193,8.906735751295336
268,761.7698185291308,774.6783190066858,5.230501664624644,4.383655008675394,-1.093409628414523,5235.0,29.0,9.0,11.044303797468354,6.817128675830715,6.050259243299904,2.393653682408596,9.949591680222808,750,774,764,787,474,16.044303797468356
269,399.31868131868134,778.521978021978,3.655969875727065,1.8873429024903277,-1.1640958742364949,364.0,7.0,3.0,3.111111111111111,3.5682482323055424,3.2410224072142872,1.2615662610100802,5.232078956954491,394,404,770,785,117,9.11111111111111
270,968.164060871378,769.8474046278924,8.852661876142607,5.662031473308353,1.3628930498542466,4797.0,13.0,7.0,6.482432432432432,10.881694613449236,8.6488625410045,3.5682482323055424,13.159049284959082,957,985,751,790,740,11.482432432432432
271,426.40107775211703,790.3217859892225,8.541896534821355,3.5461654152478355,0.418410170930497,1299.0,8.0,3.0,3.765217391304348,7.312732791431452,5.808687281605183,2.256758334191025,9.166995688475081,415,442,779,801,345,8.765217391304347
272,387.1333333333333,797.837037037037,3.3376479076415753,1.9965325216146703,0.4954430136157051,135.0,3.0,1.0,1.4210526315789473,3.431831258788849,2.7057581899030048,1.1283791670955126,4.51351666838205,382,397,793,803,95,7.421052631578948
273,786.4004914004914,792.1056511056511,6.103638136055528,2.2637169735339886,-0.8358295345671648,407.0,5.0,2.0,2.4226190476190474,4.950743503369154,4.259537945889915,1.5957691216057308,6.383076486422923,778,797,782,799,168,8.422619047619047
274,116.475,801.175,1.9806190201759446,1.7284573942447647,-1.0748277404244067,120.0,5.0,2.0,1.9672131147540983,2.326213245840639,2.256758334191025,0.7978845608028654,3.6996385101659595,113,121,797,806,61,7.967213114754099
275,928.6325071496664,807.379726723864,4.828166682791141,4.186561151569305,1.0949180508002654,6294.0,43.0,13.0,15.69576059850374,6.282549314314218,5.698035485213008,2.256758334191025,9.23618154310838,918,939,796,821,401,20.69576059850374
276,454.6015625,804.98828125,2.7647710257576783,2.3613677508221844,0.2693777051844687,256.0,5.0,2.0,2.3063063063063063,3.6996385101659595,3.2410224072142872,1.2615662610100802,5.140011726956917,449,461,800,810,111,9.306306306306306
277,260.7110157367668,801.8440629470672,2.913461275628509,2.3964496490887104,-1.406574268289805,699.0,12.0,5.5,5.4609375,4.51351666838205,3.385137501286538,1.381976597885342,5.322553886092406,255,266,795,808,128,10.4609375
278,594.7533333333333,795.5066666666667,2.068955923475759,1.6233296536574633,-1.2777614535099682,150.0,5.0,2.0,2.34375,3.141274657157109,2.256758334191025,0.7978845608028654,3.523362819972964,591,599,792,801,64,8.34375
279,967.8769544527532,836.7627464309993,17.439285152578503,5.829007996554864,0.4717674479455531,2942.0,10.0,3.0,3.485781990521327,8.51907589177983,9.09728368293446,3.477898169151024,14.38406847937898,935,998,812,859,844,8.485781990521327
280,177.26358695652175,822.4728260869565,2.8174332443207577,2.272234376280598,0.705886647880624,368.0,7.0,3.0,3.2,3.949327084834294,3.1915382432114616,1.2615662610100802,5.077706251929807,172,184,817,828,115,9.2
281,464.0153846153846,825.6945054945055,5.935550905566179,3.0264150990429832,-1.23184576163717,455.0,5.0,2.0,1.9782608695652173,4.720348719413148,4.61809077155419,1.7841241161527712,7.54834217738561,458,478,816,839,230,7.978260869565218
282,893.7878787878788,830.4848484848485,3.7048822571508144,1.5877804401276099,0.873924890559112,165.0,5.0,1.0,1.8131868131868132,2.763953195770684,2.7057581899030048,0.9772050238058398,4.652426491681278,889,899,824,838,91,7.813186813186813
283,566.981981981982,835.1126126126126,2.196993337459716,1.7508910392020636,0.7754951027183572,222.0,8.0,3.0,3.041095890410959,2.985410660720923,2.5231325220201604,0.7978845608028654,3.949327084834294,562,572,830,839,73,9.04109589041096
284,794.3913043478261,828.7391304347826,2.1005990056052033,1.5773556749724955,-0.01473629778965056,115.0,4.0,2.0,1.9827586206896552,3.385137501286538,2.326213245840639,0.7978845608028654,3.6125759969217834,790,799,825,832,58,7.982758620689655
285,422.9931662870159,832.0182232346242,2.7896100937022403,2.305074558652164,1.5236147202294663,439.0,9.0,3.0,3.2761194029850746,3.656366395715726,3.2410224072142872,1.2615662610100802,5.262410103554244,417,429,825,839,134,9.276119402985074
286,397.52079002079,834.2733887733888,9.4176210952133,3.328806446502289,1.23765307598164,962.0,6.0,3.0,2.628415300546448,7.673807981960539,6.050259243299904,2.393653682408596,9.321941800299703,388,410,818,851,366,8.628415300546449
287,620.6916524701874,841.6933560477001,9.23577385234259,3.5847433047489567,0.5805459589333879,1174.0,9.0,3.0,3.3163841807909606,4.886025119029199,5.890312181373172,2.111004122822376,9.356025796273888,602,634,828,852,354,8.31638418079096
288,236.82677165354332,841.8503937007874,3.184217382971173,1.8585044644714617,-0.18094081186057914,127.0,3.0,1.0,1.4597701149425288,3.6125759969217834,2.876813695875796,1.1283791670955126,4.442433223290478,229,244,838,846,87,7.459770114942529
289,813.8518041237113,850.4729381443299,6.86656213655656,3.6526436071619153,-0.7058068770535602,776.0,5.0,2.0,2.2823529411764705,6.886811529393324,5.970821321441846,2.326213245840639,9.09728368293446,802,824,839,864,340,8.282352941176471
290,525.0683229813665,847.7826086956521,2.1615774543805903,1.4604104754882712,0.7745662970237843,161.0,6.0,3.0,2.9814814814814814,3.141274657157109,2.256758334191025,0.7978845608028654,3.523362819972964,521,530,844,852,54,8.981481481481481
291,181.44273127753303,845.2533039647577,4.224799027808351,2.2840513307392833,-1.39697190585524,454.0,8.0,3.0,2.8375,4.029119531035698,3.742410318509555,1.381976597885342,5.970821321441846,176,187,838,854,160,8.8375
292,637.1176470588235,859.2873303167421,3.5751623123195384,2.4901808005891892,-0.6917915036499427,442.0,5.0,3.0,3.3233082706766917,5.698035485213008,3.8678889139475245,1.5957691216057308,5.781222885281108,630,643,853,866,133,9.323308270676693
293,167.79310344827587,862.1091954022988,2.656870523811815,1.6938322884597736,0.9118184826053448,174.0,5.0,2.0,2.25974025974026,3.1915382432114616,2.7057581899030048,0.9772050238058398,4.1841419359420025,163,173,857,867,77,8.25974025974026
294,610.8518518518518,862.2444444444444,2.440229190400641,1.6690724251587905,1.2112770802259645,135.0,4.0,2.0,1.9014084507042253,3.6996385101659595,2.5854414729132054,0.9772050238058398,4.029119531035698,607,615,858,867,71,7.901408450704225
295,710.1485148514852,865.7425742574258,9.097395488577598,1.6681528756536441,-0.0998378810715237,202.0,4.0,1.0,1.2546583850931676,3.656366395715726,3.5682482323055424,1.2615662610100802,6.180387232371033,698,727,860,869,161,7.254658385093168
296,950.896,872.568,2.4312387020884763,1.1504948385276834,0.913244094473739,125.0,8.0,2.0,2.232142857142857,1.9544100476116797,1.9544100476116797,0.5641895835477563,3.385137501286538,947,955,868,879,56,8.232142857142858
297,588.53,870.1,1.8580625079967314,1.6330045059478273,0.9278959620204392,100.0,4.0,2.0,2.0,3.1915382432114616,2.111004122822376,0.7978845608028654,3.385137501286538,585,592,866,874,50,10.0
298,925.2,875.5,1.389244398963416,1.2961481396564234,-1.5707963263292353,50.0,3.0,1.0,1.0204081632653061,2.393653682408596,1.7841241161527712,0.5641895835477563,2.6462837142006137,922,928,872,879,49,8.020408163265307
299,236.81274900398407,867.7131474103586,5.2181363207898315,2.6291957206088603,-0.48164350681996704,251.0,3.0,2.0,1.578616352201258,5.322553886092406,4.068428945128219,1.5957691216057308,6.076507779746499,229,250,861,875,159,7.578616352201258
300,522.8792270531401,878.6135265700483,5.155519292252426,1.7599013383454212,0.11674631743703652,207.0,4.0,1.0,1.510948905109489,4.61809077155419,3.431831258788849,1.2615662610100802,5.382025607773058,514,534,873,883,137,7.510948905109489
301,893.2136854741897,879.0876350540216,8.743337683720664,2.653020898886224,1.3195721121190986,833.0,7.0,3.0,3.3724696356275303,5.753627391751592,4.982787485166879,1.9544100476116797,7.797255174810172,884,900,865,894,247,8.37246963562753
302,144.86610878661088,873.9581589958159,3.312942610344139,2.072060969857785,0.6042134707768273,239.0,4.0,2.0,2.172727272727273,4.918490759365935,3.2897623212397704,1.2615662610100802,5.108953969950291,138,151,868,879,110,8.172727272727272
303,789.9423676012461,886.9750778816199,4.061447703775525,2.690831717803086,0.8103795344600973,642.0,8.0,3.0,3.0140845070422535,5.140011726956917,4.145929793656026,1.5957691216057308,6.651697090182843,783,799,878,894,213,10.014084507042254
304,749.9429280397022,877.6550868486353,2.7706582567322906,2.439895812486232,-0.8732216484324896,403.0,8.0,3.0,3.1484375,3.8678889139475245,3.2410224072142872,1.2615662610100802,5.322553886092406,744,756,871,884,128,9.1484375
305,322.0509554140127,884.71974522293,2.1354484840116963,1.9570534375364512,0.1436685834447492,157.0,4.0,2.0,2.1216216216216215,3.9088200952233594,2.6462837142006137,0.9772050238058398,4.1073621666150775,317,327,881,889,74,8.121621621621621
306,717.1493055555555,885.6909722222222,3.512533318563946,2.273613724845277,-0.16050671082122647,288.0,5.0,2.0,2.1818181818181817,3.949327084834294,3.523362819972964,1.381976597885342,5.527906391541368,708,724,881,891,132,9.181818181818182
307,636.4527559055118,899.4606299212599,2.5508726899885956,2.2703790085782756,-1.014879452431746,254.0,5.0,2.0,2.3738317757009346,3.9088200952233594,3.0382538898732494,1.2615662610100802,4.720348719413148,631,642,893,904,107,8.373831775700934
308,27.883870967741935,892.4774193548387,2.700492021956662,1.6108879243580152,0.21927332710276043,155.0,4.0,2.0,1.9135802469135803,3.949327084834294,2.7057581899030048,0.9772050238058398,4.068428945128219,23,35,889,896,81,7.91358024691358
309,296.9687092568449,911.2333767926988,7.553916740972659,3.204906357463634,-1.416369401978969,767.0,5.0,2.0,2.374613003095975,6.723094811029982,5.641895835477563,2.1850968611841584,8.703892974511014,290,306,895,927,323,8.374613003095975
310,194.8768115942029,899.3188405797101,2.079827850818101,1.4643899529099147,1.0330397805034823,138.0,5.0,2.0,2.3389830508474576,3.0382538898732494,2.256758334191025,0.7978845608028654,3.477898169151024,191,199,895,904,59,10.338983050847459
311,814.1195101351351,893.9472128378378,4.865628187808342,3.8395143193170376,1.4148217300316164,2368.0,17.0,6.0,6.670422535211268,5.970821321441846,5.4700209598571305,2.1850968611841584,8.812923024107548,804,823,882,905,355,11.670422535211268
312,716.4421593830334,910.9177377892031,3.0024973962175943,2.301494343227841,-0.37585866931632983,389.0,7.0,3.0,3.382608695652174,4.145929793656026,3.3377905890622728,1.2615662610100802,5.170882945826411,711,724,906,916,115,9.382608695652173
313,48.43032786885246,912.6065573770492,4.097553556180953,1.9473589370124782,1.5426203145827522,244.0,5.0,2.0,1.781021897810219,2.9316150714175193,3.6125759969217834,1.2615662610100802,5.585191925620057,44,53,904,921,137,7.781021897810219
314,649.1666666666666,910.1388888888889,2.551664858672776,1.7709836228137799,-1.012518149207065,144.0,5.0,1.0,1.6744186046511629,2.763953195770684,2.5231325220201604,0.9772050238058398,4.1841419359420025,645,654,904,915,86,8.674418604651162
315,984.032967032967,926.2912087912088,3.9162995230219178,1.5966327483797857,-1.0295238336185921,182.0,4.0,2.0,1.8571428571428572,4.1073621666150775,2.985410660720923,1.1283791670955126,4.787307364817192,979,989,920,933,98,7.857142857142857
316,153.88251366120218,922.0928961748634,4.486674923740546,1.9411544031273975,1.1623257893544485,366.0,6.0,2.0,2.6142857142857143,4.652426491681278,3.5682482323055424,1.381976597885342,5.613615477764332,147,159,913,930,140,8.614285714285714
317,181.12295081967213,930.5963114754098,6.7318815133016185,2.1380628879310613,-0.06905581121406719,488.0,6.0,3.0,2.8705882352941177,5.641895835477563,4.1073621666150775,1.5957691216057308,6.383076486422923,169,193,924,935,170,8.870588235294118
318,668.547619047619,930.3809523809524,3.6468492189136086,1.521513472187995,-0.7409045816308009,168.0,4.0,2.0,1.9534883720930232,4.1073621666150775,2.8209479177387813,1.1283791670955126,4.54864184146723,663,677,924,935,86,7.953488372093023
319,449.30674846625766,941.282208588957,3.2900791554204303,1.9988766526587018,1.396712181254451,163.0,4.0,2.0,1.5673076923076923,4.296739856991561,3.1915382432114616,1.2615662610100802,4.787307364817192,445,454,934,948,104,9.567307692307692
320,525.7147410358566,938.6597609561753,6.167680612227102,3.265787719149251,-0.9892468260215345,1255.0,13.0,4.0,4.225589225589226,3.949327084834294,5.170882945826411,1.8712051592547776,8.272643200907131,513,534,928,950,297,9.225589225589225
321,903.4150943396227,937.2547169811321,2.2735435363940155,1.4339037232882457,0.7037967735630357,106.0,4.0,2.0,1.7666666666666666,3.2410224072142872,2.256758334191025,0.7978845608028654,3.6125759969217834,899,907,932,941,60,7.766666666666667
322,750.1092537313433,918.3332537313432,12.205856633902366,6.709902072559569,1.0744197055043228,8375.0,19.0,6.0,6.678628389154705,9.389986074159536,10.433694507453072,3.9088200952233594,16.89745448009434,734,773,892,943,1254,11.678628389154705
323,115.43382352941177,933.9926470588235,3.4128140350241702,1.5679799389622164,1.0941638144685062,136.0,3.0,2.0,1.5454545454545454,3.826519928662906,2.985410660720923,1.1283791670955126,4.54864184146723,111,120,927,940,88,7.545454545454546
324,806.281045751634,942.7058823529412,2.5763817238166564,1.8525818270264918,-0.42845150240212804,153.0,4.0,2.0,1.7586206896551724,3.9088200952233594,2.7057581899030048,0.9772050238058398,4.3336224206596095,801,811,938,948,87,7.758620689655173
325,1021.2903225806451,950.8279569892474,2.059604418623402,1.351643199737872,1.3663702335307668,93.0,5.0,2.0,1.8235294117647058,2.1850968611841584,2.0342144725641096,0.5641895835477563,3.2897623212397704,1018,1023,946,956,51,7.823529411764706
326,152.9375,948.954268292683,3.6401359911523365,2.9146074722015816,0.23273340693753547,656.0,7.0,4.0,3.8362573099415203,5.613615477764332,4.222008245644752,1.692568750643269,6.358093703724522,144,161,943,956,171,8.836257309941521
327,83.83566433566433,959.3391608391609,3.049564004727395,2.105290709097771,-0.8122854454333669,572.0,10.0,6.0,5.5,4.478115991081385,3.2897623212397704,1.2615662610100802,5.014626706796775,78,89,953,965,104,9.5
328,652.8992805755396,953.6546762589928,3.04558451806457,1.6286730830662663,0.922248679797629,139.0,4.0,1.0,1.5977011494252873,3.6996385101659595,2.6462837142006137,0.9772050238058398,4.296739856991561,647,658,946,958,87,8.597701149425287
329,3.7599118942731278,957.090308370044,4.49833352052707,2.336945051865434,-1.4550911407285556,454.0,7.0,2.0,2.8553459119496853,4.068428945128219,3.6125759969217834,1.381976597885342,5.997417539138688,0,9,950,971,159,8.855345911949685
330,160.21804511278197,970.624060150376,2.0127670226188825,1.697113791931967,0.8644645674602055,133.0,5.0,2.0,2.1451612903225805,2.985410660720923,2.393653682408596,0.9772050238058398,3.5682482323055424,156,164,967,975,62,8.14516129032258
331,801.843137254902,972.553544494721,3.917797220805475,3.0469080086449956,-0.3989436479574624,663.0,7.0,2.0,2.8454935622317596,4.950743503369154,4.370193722368317,1.692568750643269,7.1141599576634995,792,810,965,979,233,8.84549356223176
332,426.5486725663717,974.2938053097345,2.881715290179502,2.5400229670580536,-0.4548332737456763,565.0,9.0,4.0,4.556451612903226,4.406461512053774,3.477898169151024,1.381976597885342,5.352372348458314,419,432,969,980,124,9.556451612903226
333,110.00613496932516,972.963190184049,3.069929878296855,1.5948238446127336,-0.9082350708964256,163.0,6.0,2.0,1.9404761904761905,2.7057581899030048,2.6462837142006137,0.9772050238058398,4.259537945889915,104,114,967,979,84,7.940476190476191
334,370.89506172839504,975.7469135802469,2.464111223231536,1.928027135124267,-0.07978081898147397,162.0,5.0,2.0,1.8620689655172413,3.0382538898732494,2.7057581899030048,0.9772050238058398,4.406461512053774,366,376,972,980,87,7.862068965517241
335,404.2079207920792,987.0371287128713,3.9087455068719144,3.1982931640742116,-0.5763886898390215,404.0,4.0,2.0,2.082474226804124,6.746726148605861,4.583497844237541,1.9544100476116797,6.793742230659745,397,412,980,994,194,8.082474226804123
336,470.8395061728395,979.5,2.2358293963291525,1.7993483045291945,0.0,162.0,4.0,2.0,2.3823529411764706,3.989422804014327,2.6462837142006137,1.1283791670955126,3.949327084834294,466,476,976,983,68,8.382352941176471
337,597.0033955857385,973.8964346349745,7.869917317443969,2.1774458004316,1.4751276151280517,589.0,7.0,2.0,2.538793103448276,4.3336224206596095,4.370193722368317,1.692568750643269,7.069275219628611,590,603,960,986,232,8.538793103448276
338,532.0931174089069,985.6801619433198,2.614150721302495,2.02279164001214,0.7416944740761372,247.0,6.0,2.0,2.6,3.8678889139475245,2.9316150714175193,1.1283791670955126,4.54864184146723,528,539,981,990,95,8.6
339,943.9395973154362,983.8791946308725,3.2718886223796457,1.8193568831327036,0.7905572035538402,149.0,4.0,2.0,1.6741573033707866,3.9088200952233594,2.985410660720923,1.1283791670955126,4.652426491681278,939,950,977,988,89,7.674157303370786
340,644.7716115261472,980.4738527214514,8.517072928199555,3.6905741750289067,-1.4069508566993867,937.0,8.0,3.0,3.1337792642140467,5.970821321441846,5.4115163798060095,2.0342144725641096,8.611980229936854,635,653,966,997,299,8.133779264214047
341,85.75875486381322,1003.3527885862517,5.872455602436453,2.6131137849075476,-0.45720365639756555,771.0,7.0,3.0,3.1088709677419355,5.527906391541368,4.720348719413148,1.8712051592547776,7.399277020331919,77,98,995,1013,248,9.108870967741936
342,882.8156862745099,993.9882352941177,2.8123653917507427,2.1858773005210197,-0.9214670382584067,255.0,6.0,2.0,2.256637168141593,3.742410318509555,3.141274657157109,1.1283791670955126,4.950743503369154,878,889,987,1000,113,8.256637168141593
343,615.5691489361702,1011.2606382978723,4.887105915511661,1.554291574463722,-1.5004731171830483,188.0,4.0,1.0,1.4242424242424243,4.296739856991561,3.431831258788849,1.1283791670955126,5.4115163798060095,612,619,1002,1023,132,7.424242424242424
344,1000.1566763125259,994.9297230260438,9.916142681146189,4.753349122791382,-0.8322462363587189,2419.0,16.0,3.0,4.4713493530499075,5.077706251929807,6.432750982580687,2.256758334191025,11.198843474056307,983,1017,976,1012,541,9.471349353049908
345,117.39516129032258,1017.9879032258065,3.2811334197736417,2.1139994646453295,-1.2960247285365891,248.0,5.0,2.0,2.1379310344827585,3.8678889139475245,3.2410224072142872,1.2615662610100802,5.014626706796775,112,122,1011,1023,116,8.137931034482758
346,67.60992907801419,1014.1702127659574,2.8035190023335153,1.6742536023223782,0.6925549259750335,141.0,4.0,2.0,1.8076923076923077,3.6996385101659595,2.6462837142006137,0.9772050238058398,4.1841419359420025,63,73,1010,1019,78,8.807692307692308
347,226.78886034938193,979.2145254739423,15.385628795522942,11.426965153525552,-0.10467094702032585,137042.0,212.0,10.0,27.69644300727567,9.933582672781009,13.540550005146152,4.787307364817192,28.265841829340843,171,294,946,1022,4948,30.69644300727567
348,725.1941747572815,1018.5145631067961,1.9498520897265499,1.583429280490035,1.2424202682388013,103.0,4.0,1.5,1.7758620689655173,3.0382538898732494,2.1850968611841584,0.7978845608028654,3.6125759969217834,722,728,1014,1023,58,7.775862068965517
349,802.7,1021.6277777777777,2.303887929152768,1.2614788167002375,0.04925878942850821,180.0,9.0,3.0,3.272727272727273,2.1850968611841584,1.9544100476116797,0.7978845608028654,3.2897623212397704,797,808,1018,1023,55,9.272727272727273
350,578.9591551265911,1015.4917470974962,8.782917763048665,5.298312047318189,0.12922505339640486,14298.0,67.0,8.0,15.886666666666667,7.069275219628611,6.793742230659745,2.7057581899030048,12.728697186576065,550,597,992,1023,900,20.886666666666667
