ID,X,Y,A,B,theta,total_flux,mu_max,mu_median,mu_mean,R_fwhm,R_e,R10,R90,x_start,x_end,y_start,y_end,area,greylevel
0,519.9239768869317,493.92108006543987,299.2955844171036,297.2202024321264,-1.1613393493304065,650368.0,7.0,1.0,0.961685931398136,38.30676931440806,210.77219756229886,79.66868349925701,336.9265369921129,0,1023,0,1023,676279,0.961685931398136
1,379.5,1.3846153846153846,1.3373337423651042,1.2733034890189883,0.0,26.0,2.0,1.0,0.8666666666666667,2.6462837142006137,1.5957691216057308,0.5641895835477563,2.4592453796829674,376,382,0,5,30,3.8666666666666667
2,829.1875,0.59375,2.531121254466628,0.6978394390454605,-0.026738071512721832,64.0,4.0,2.0,2.1333333333333333,2.4592453796829674,1.5957691216057308,0.5641895835477563,2.5854414729132054,824,835,0,3,30,5.133333333333334
3,433.22067039106145,2.9273743016759775,2.8993895763018442,1.9013124850275869,0.033684813832525674,358.0,7.0,4.0,3.934065934065934,3.989422804014327,3.0382538898732494,1.2615662610100802,4.61809077155419,427,440,0,8,91,5.934065934065934
4,649.2962962962963,3.085185185185185,2.597796272269484,2.1936184883385623,-0.10561666946950288,270.0,6.0,2.0,2.1951219512195124,3.989422804014327,2.985410660720923,1.1283791670955126,4.652426491681278,643,658,0,10,123,5.195121951219512
5,11.666666666666666,1.9484536082474226,5.544803059113015,1.6478088649928984,0.1774243646007348,291.0,6.0,1.0,1.8074534161490683,4.029119531035698,3.2897623212397704,1.1283791670955126,5.4700209598571305,0,23,0,9,161,4.807453416149069
6,708.0647321428571,7.591517857142857,5.545149679267592,3.708087105284644,-1.3607223907652688,448.0,3.0,1.0,1.4688524590163934,6.93287767191607,5.382025607773058,2.111004122822376,8.19532708223289,699,719,0,21,305,4.468852459016394
7,1001.4863636363636,2.6454545454545455,2.6918110168247393,2.1775907291291063,0.21523165950423157,220.0,5.0,3.0,2.619047619047619,3.742410318509555,2.9316150714175193,1.1283791670955126,4.442433223290478,996,1007,0,8,84,4.619047619047619
8,757.6666666666666,2.259259259259259,3.7833487042222944,1.4889394939658143,0.18732620195584082,189.0,4.0,2.0,2.25,4.406461512053774,2.876813695875796,1.1283791670955126,4.406461512053774,751,766,0,6,84,4.25
9,979.9317129629629,25.57638888888889,11.255232869295618,4.261175225903758,-1.3790083201143326,864.0,5.0,2.0,2.1333333333333333,6.383076486422923,6.358093703724522,2.393653682408596,9.91754782346883,968,990,6,46,405,4.133333333333334
10,104.52456418383518,5.786053882725832,4.307986170409181,2.99204400198125,-0.5765222021320062,631.0,7.0,3.0,3.448087431693989,4.753945931439391,4.442433223290478,1.692568750643269,6.90988298942671,96,116,0,13,183,4.448087431693989
11,862.5153256704981,2.9693486590038316,4.924250338890835,2.3202857542801727,0.04181103897328658,522.0,7.0,3.0,2.916201117318436,4.222008245644752,4.068428945128219,1.4927053303604616,6.407961869245868,853,873,0,9,179,4.916201117318436
12,899.0057142857142,9.445714285714285,2.4439983124639264,2.398727299420284,1.5302399583837096,175.0,4.0,2.0,2.0348837209302326,4.51351666838205,3.0901936161855166,1.1283791670955126,4.61809077155419,893,903,5,15,86,4.034883720930233
13,258.2096296296296,22.571851851851854,11.834914162914576,6.343511955586581,-1.1586395449900249,1350.0,6.0,2.0,2.2131147540983607,7.797255174810172,7.653039857325812,2.763953195770684,12.192240025845548,240,274,0,40,610,4.213114754098361
14,303.6645161290323,7.232258064516129,2.8082972804088615,1.70725366718425,-0.34441923760578924,155.0,5.0,1.0,1.4090909090909092,2.7057581899030048,2.6462837142006137,0.9772050238058398,4.370193722368317,297,311,2,12,110,4.409090909090909
15,147.609375,9.9375,1.691773019172572,1.6288906995175336,-0.8800831883853706,64.0,3.0,1.0,1.4222222222222223,2.6462837142006137,2.0342144725641096,0.7978845608028654,3.141274657157109,144,151,7,14,45,5.4222222222222225
16,470.2014787430684,4.075785582255083,4.605323447873911,2.764262430973348,0.1319361031580306,1082.0,10.0,5.0,5.07981220657277,6.076507779746499,4.54864184146723,1.8712051592547776,6.978639737521917,459,479,0,12,213,9.07981220657277
17,203.91640866873064,6.077399380804954,5.199790498406596,2.34592842270107,0.8529824842077728,646.0,7.0,3.0,3.417989417989418,5.292567428401227,4.259537945889915,1.692568750643269,6.651697090182843,194,214,0,15,189,5.417989417989418
18,465.5846153846154,20.384615384615383,1.8652105173310425,1.375799420535743,-1.40671233562634,65.0,3.0,1.0,1.25,2.5854414729132054,2.0342144725641096,0.7978845608028654,3.141274657157109,463,469,16,25,52,6.25
19,833.5037257824143,17.384500745156483,5.280201817793106,4.113280992931672,-0.2643429417108778,671.0,5.0,2.0,2.0089820359281436,5.753627391751592,5.4700209598571305,2.1850968611841584,8.920620580763856,821,844,9,28,334,5.008982035928144
20,778.0973451327434,18.21533923303835,10.741981574322532,4.757791574551961,0.015423576756121871,339.0,3.0,1.0,0.6726190476190477,3.385137501286538,6.4820448144285745,2.256758334191025,9.23618154310838,753,804,7,27,504,4.6726190476190474
21,203.0597014925373,22.80597014925373,2.2824131315341103,1.680477703359913,0.7563383181525244,67.0,3.0,1.0,1.098360655737705,2.4592453796829674,2.111004122822376,0.7978845608028654,3.431831258788849,200,207,18,27,61,4.098360655737705
22,594.2088607594936,11.050632911392405,4.937357769795782,2.9788890712695757,0.9153444947922964,474.0,5.0,2.0,2.2046511627906975,5.046265044040321,4.406461512053774,1.7841241161527712,7.091753098990329,586,605,4,22,215,5.2046511627906975
23,938.169014084507,14.028169014084508,2.012342806886085,1.4936453154931224,-1.3261898306244708,71.0,3.0,1.0,1.2033898305084745,2.8209479177387813,2.256758334191025,0.7978845608028654,3.3377905890622728,935,942,10,19,59,4.203389830508475
24,1020.9859154929577,23.859154929577464,2.08566233113581,1.7390638661387896,-0.990909332906172,71.0,3.0,1.0,0.9594594594594594,2.5231325220201604,2.1850968611841584,0.7978845608028654,3.477898169151024,1016,1023,17,29,74,3.9594594594594597
25,666.3958333333334,16.291666666666668,1.6555602268519183,1.3981655349173916,1.1736069324010188,48.0,2.0,1.0,1.0,3.2410224072142872,1.8712051592547776,0.7978845608028654,2.985410660720923,664,670,13,22,48,8.0
26,882.4489795918367,28.782312925170068,2.9355220271042843,1.6591527087575202,-1.3972407372458344,147.0,3.0,1.0,1.1574803149606299,3.989422804014327,2.763953195770684,1.1283791670955126,4.296739856991561,878,887,23,39,127,4.15748031496063
27,164.09940357852884,21.90258449304175,7.427991382399302,2.307479111606868,0.4773204294621313,503.0,5.0,2.0,2.2158590308370045,5.140011726956917,4.753945931439391,1.8712051592547776,7.356132180109627,153,179,13,31,227,5.215859030837004
28,227.9016393442623,22.639344262295083,3.7433501710708508,1.4355127554671019,-0.15494141796876518,122.0,3.0,2.0,1.7941176470588236,3.523362819972964,2.6462837142006137,1.1283791670955126,4.145929793656026,220,234,20,27,68,3.7941176470588234
29,343.43720190779015,12.422098569157393,11.288277115296108,6.12726079874565,0.9660181454075081,1258.0,8.0,2.0,2.2186948853615522,5.292567428401227,6.90988298942671,2.326213245840639,11.780624362746345,331,371,0,38,567,4.218694885361552
30,356.7435897435897,28.153846153846153,1.6606764919565975,1.0972788076445026,0.6140854303807888,39.0,2.0,0.0,0.6610169491525424,2.9316150714175193,1.692568750643269,0.5641895835477563,2.7057581899030048,353,369,25,34,59,4.661016949152542
31,565.9313929313929,25.045738045738045,6.8129765291251845,2.259340267204027,0.4325476656439195,481.0,6.0,3.0,2.657458563535912,5.382025607773058,4.583497844237541,1.692568750643269,6.886811529393324,555,578,18,34,181,7.657458563535911
32,686.6175925925926,31.47716049382716,16.5300629359636,5.616945529343871,0.373906222244591,3240.0,15.0,3.0,4.00990099009901,4.686510657907603,8.685588237163813,2.876813695875796,14.317526556719258,659,727,10,47,808,5.00990099009901
33,39.73340587595212,28.03373231773667,11.55342788849836,9.668459061328242,-0.10058171172884482,2757.0,9.0,2.0,3.016411378555799,8.481629223064205,8.537737635702333,3.2897623212397704,14.1160188704554,20,78,0,47,914,5.016411378555799
34,140.62138429752065,33.16451446280992,7.953202323422834,5.861122689701809,0.35145183046236195,3872.0,14.0,5.0,5.603473227206947,8.42514715711158,7.978845608028654,3.0901936161855166,12.964089628857149,124,161,20,47,691,6.603473227206947
35,1.6846153846153846,29.661538461538463,3.358046653243728,1.3104164657435315,1.4025794175397193,130.0,4.0,1.0,1.3541666666666667,3.656366395715726,2.5854414729132054,0.9772050238058398,4.068428945128219,0,6,19,36,96,4.354166666666667
36,842.5,39.71153846153846,3.1537954765129874,1.3619762911989037,1.2802049994070033,52.0,2.0,1.0,0.7323943661971831,3.656366395715726,2.1850968611841584,0.7978845608028654,3.385137501286538,839,846,34,47,71,3.732394366197183
37,570.3640702558229,39.865788468881256,13.84406324369313,12.833443470393691,1.0381096899268782,5238.0,13.0,3.0,3.2115266707541386,6.579524642479541,11.576202403352141,3.6996385101659595,19.746635424171473,524,595,4,67,1631,5.211526670754139
38,803.2203007518797,45.56541353383459,7.095971798601853,4.0039469185926935,1.5542899428632175,1330.0,8.0,3.0,3.40153452685422,7.269074295019226,5.753627391751592,2.326213245840639,9.356025796273888,792,812,33,63,391,7.40153452685422
39,702.6625,36.775,2.3620993277372624,0.9452277587345378,0.6253822364660226,80.0,4.0,2.0,1.9047619047619047,2.8209479177387813,1.8712051592547776,0.5641895835477563,2.9316150714175193,699,707,33,40,42,6.904761904761905
40,197.35365853658536,33.8780487804878,1.7248549565262268,1.5443215074943915,-1.4140248701053584,82.0,5.0,2.0,2.0,2.0342144725641096,1.8712051592547776,0.5641895835477563,3.141274657157109,195,200,31,38,41,4.0
41,453.5070252910478,32.350863107185866,10.935048895612008,4.9282248764086685,0.4037349240027735,2491.0,10.0,3.0,3.7742424242424244,7.938851142601841,7.632215220473915,2.876813695875796,12.386499309352384,436,482,16,50,660,6.774242424242424
42,97.0968660968661,31.027540360873694,7.418603741408108,3.6295385705540477,-0.06222396376174028,1053.0,7.0,3.0,2.756544502617801,5.641895835477563,5.944106103225343,2.256758334191025,9.423823971471327,82,110,24,41,382,4.7565445026178015
43,398.64155583895064,77.51466569502642,57.37214540642497,26.457739128616193,-0.29861596782287964,10978.0,10.0,2.0,2.6939877300613495,8.175883811466258,21.829106706806275,7.776816725043752,33.272838534564855,276,498,0,146,4075,3.6939877300613495
44,469.06666666666666,38.67619047619048,5.5133098981070106,2.4179532393494916,-0.6957830333120096,210.0,3.0,2.0,1.5671641791044777,4.753945931439391,3.7846987830302403,1.381976597885342,5.753627391751592,462,478,33,47,134,8.567164179104477
45,636.1612903225806,35.16129032258065,3.4985021087879358,1.6240339025421882,1.0211379825847713,155.0,4.0,2.0,2.012987012987013,4.370193722368317,2.985410660720923,0.9772050238058398,4.3336224206596095,631,640,29,41,77,4.012987012987013
46,718.4929577464789,35.5,2.414003975848039,1.7350975131910051,0.0,142.0,4.0,1.5,1.6136363636363635,3.742410318509555,2.6462837142006137,0.9772050238058398,4.1841419359420025,713,724,31,40,88,6.613636363636363
47,64.37557603686636,24.403225806451612,8.808938201975922,2.966640569923361,-1.3214525771670327,1302.0,9.0,3.0,3.347043701799486,5.641895835477563,5.556622981616415,2.256758334191025,9.541311620975605,55,74,4,45,389,6.347043701799486
48,154.29126213592232,38.10679611650485,1.9502119154954833,1.76631025532517,0.08271037461794477,103.0,4.0,2.0,1.8727272727272728,3.2897623212397704,2.326213245840639,0.7978845608028654,3.6125759969217834,150,158,34,42,55,8.872727272727273
49,924.7765363128492,37.68156424581006,2.5702447784887843,1.7359303414190521,1.1248131717581389,179.0,4.0,2.5,2.557142857142857,4.1841419359420025,2.7057581899030048,1.1283791670955126,4.1073621666150775,921,929,33,43,70,7.557142857142857
50,743.1736842105263,44.28421052631579,2.7584188817642814,1.9115092610122624,-0.5605752327130706,190.0,4.0,2.0,1.8446601941747574,4.370193722368317,2.9316150714175193,1.1283791670955126,4.51351666838205,737,750,40,50,103,4.844660194174757
51,774.6,43.5,1.5864005379054344,1.199999999976717,-0.0,30.0,2.0,1.0,0.75,2.763953195770684,1.5957691216057308,0.5641895835477563,2.5231325220201604,771,777,40,47,40,3.75
52,316.2480916030534,41.166030534351144,4.768133493923558,2.409868625385537,-0.2846378217116722,524.0,6.0,2.0,2.7291666666666665,5.201570947860099,4.029119531035698,1.5957691216057308,6.6036697681803656,307,326,33,47,192,4.729166666666667
53,1021.027027027027,49.810810810810814,2.173073302704098,1.6515798189087239,1.2566270534671136,74.0,3.0,1.0,1.48,2.4592453796829674,2.1850968611841584,0.7978845608028654,3.6125759969217834,1017,1023,46,55,50,3.48
54,358.0,51.5,2.29128784747792,0.8164965809306964,-0.0,24.0,1.0,1.0,0.631578947368421,2.763953195770684,1.8712051592547776,0.7978845608028654,2.5854414729132054,355,359,48,55,38,3.6315789473684212
55,540.9103448275862,43.324137931034485,9.088524357070023,1.4631452342308529,-0.021416605320995135,145.0,3.0,1.0,0.9119496855345912,3.6125759969217834,3.0901936161855166,1.1283791670955126,4.950743503369154,526,554,39,48,159,4.911949685534591
56,177.4479495268139,46.02839116719243,3.7072738452051968,2.2256930218405984,-0.09752483251818184,317.0,5.0,2.0,2.3138686131386863,4.259537945889915,3.6125759969217834,1.4927053303604616,5.613615477764332,170,188,42,52,137,7.313868613138686
57,283.6,52.285714285714285,1.4779033349446766,1.2546589494718086,-0.04690493233345523,35.0,2.0,1.0,1.09375,2.9316150714175193,1.692568750643269,0.5641895835477563,2.7057581899030048,281,287,50,55,32,7.09375
58,668.672,47.336,2.635242194617105,2.0926104691744776,-0.8046367163531128,125.0,3.0,2.0,1.7361111111111112,3.8678889139475245,2.9316150714175193,1.1283791670955126,4.296739856991561,664,673,41,51,72,3.736111111111111
59,738.6136363636364,57.02272727272727,1.7970693156829889,0.9689841610731451,0.7781817046621382,44.0,3.0,1.0,1.4666666666666666,1.9544100476116797,1.4927053303604616,0.5641895835477563,2.5231325220201604,736,741,54,60,30,5.466666666666667
60,971.4121405750799,56.16613418530351,3.632793722436868,3.1478347679119625,-0.05298373985971556,626.0,7.0,2.5,2.952830188679245,4.853342309955121,4.222008245644752,1.692568750643269,6.886811529393324,962,980,49,64,212,5.952830188679245
61,253.4611344537815,62.70850840336134,8.096232897481919,3.9932371017964914,0.1714829535761548,1904.0,9.0,3.0,4.051063829787234,7.225151993843567,6.723094811029982,2.5854414729132054,10.689866656791414,239,272,53,73,470,6.051063829787234
62,70.63583815028902,64.23699421965318,5.424120697042082,1.8769876205941927,-0.923663506047505,173.0,3.0,2.0,1.6168224299065421,4.370193722368317,3.523362819972964,1.2615662610100802,5.262410103554244,64,77,57,78,107,3.616822429906542
63,202.48968363136177,51.5213204951857,4.332802692236818,2.9783701919165972,-0.9222380190594359,727.0,9.0,3.0,3.478468899521531,4.370193722368317,4.1841419359420025,1.5957691216057308,7.001408606295148,194,211,42,59,209,5.478468899521531
64,731.4444444444445,62.25925925925926,0.9628105762726626,0.7409388012430057,0.18957933454654555,27.0,4.0,2.0,2.076923076923077,1.7841241161527712,0.9772050238058398,0.0,1.692568750643269,730,733,61,64,13,6.076923076923077
65,884.9218106995885,69.90534979423869,4.288886945129523,2.1357832191746877,1.1802960757512568,243.0,3.0,2.0,1.8549618320610688,5.232078956954491,3.8678889139475245,1.5957691216057308,5.781222885281108,880,891,61,78,131,5.854961832061068
66,445.6063829787234,55.01063829787234,3.6605890511588752,1.2792691770811475,-1.083316621402384,94.0,5.0,1.0,1.4029850746268657,1.692568750643269,2.256758334191025,0.7978845608028654,4.068428945128219,440,449,49,63,67,5.402985074626866
67,549.425,64.925,3.347464778832205,1.7344248483361715,0.7889562795119384,120.0,3.0,2.0,1.5789473684210527,3.5682482323055424,2.9316150714175193,0.9772050238058398,4.442433223290478,544,554,61,71,76,3.5789473684210527
68,623.1130268199233,58.09003831417625,8.424035752369605,2.9703819285752373,0.3006664083769165,522.0,4.0,2.0,1.891304347826087,7.312732791431452,5.322553886092406,2.0342144725641096,8.349243383340204,605,636,48,66,276,3.891304347826087
69,510.43256784968685,45.10939457202505,23.06326148540388,7.258113181424636,-1.290067042652307,2395.0,7.0,2.0,2.431472081218274,7.136496464611085,9.755749892701914,3.431831258788849,15.389040103942165,489,534,10,93,985,5.431472081218274
70,817.0839694656488,69.74809160305344,3.1580291082772423,1.868340061332725,-0.3187670420152293,262.0,6.0,2.0,2.2586206896551726,3.989422804014327,3.0901936161855166,1.2615662610100802,4.787307364817192,810,825,65,74,116,7.258620689655173
71,223.01146788990826,65.0940366972477,5.717712972604291,2.759582887222348,-0.0782877971829183,436.0,5.0,2.0,2.3191489361702127,5.108953969950291,4.583497844237541,1.7841241161527712,6.817128675830715,211,234,59,71,188,4.319148936170213
72,317.6728624535316,62.96059479553903,13.175657992995461,9.420365111479192,0.40038873034771577,2690.0,8.0,2.5,2.89247311827957,9.541311620975605,9.321941800299703,3.6125759969217834,15.033297016639143,279,340,42,103,930,5.89247311827957
73,428.36842105263156,73.5578947368421,2.4975666965685726,1.5319134878172822,1.41269459653788,95.0,3.0,1.0,1.1875,2.985410660720923,2.4592453796829674,0.9772050238058398,3.949327084834294,424,431,68,80,80,7.1875
74,775.9908675799087,69.0228310502283,3.361397581778548,1.7832144273853539,0.7850899986107785,219.0,5.0,2.0,2.1470588235294117,3.431831258788849,3.0382538898732494,1.1283791670955126,4.820437914901168,770,782,64,76,102,8.147058823529411
75,999.6367816091954,76.33218390804598,9.414807065574212,4.2592221414567915,-0.29175775311480695,870.0,9.0,2.0,2.4166666666666665,3.6996385101659595,5.352372348458314,1.8712051592547776,9.18434101276213,987,1023,63,87,360,4.416666666666667
76,476.0263788968825,63.57314148681055,3.521760897792616,2.3242860698802303,-1.5016171546026844,417.0,6.0,2.0,2.558282208588957,4.886025119029199,3.656366395715726,1.381976597885342,5.753627391751592,471,482,56,72,163,5.558282208588957
77,768.9073646394662,85.96330510649217,13.380477424338888,10.720627511696028,0.2090784983803201,3897.0,11.0,3.0,3.839408866995074,6.4820448144285745,10.49453289192004,3.656366395715726,16.126350393444792,733,793,62,110,1015,4.839408866995074
78,106.28832116788321,59.8801703163017,8.667314685825879,3.892221640543426,-1.1251625846092068,1644.0,10.0,3.0,3.6371681415929205,6.579524642479541,6.407961869245868,2.4592453796829674,10.295493776366547,93,118,42,73,452,6.6371681415929205
79,127.26627218934911,73.19526627218934,2.2808565516183434,1.8595414392523306,0.918471376650239,169.0,5.0,2.0,2.2837837837837838,2.9316150714175193,2.5231325220201604,0.9772050238058398,4.1841419359420025,123,131,67,77,74,6.283783783783784
80,22.55593607305936,84.2728310502283,6.080103793953002,2.948256289893357,-1.4554874833781857,876.0,8.0,2.0,2.891089108910891,5.781222885281108,4.886025119029199,1.8712051592547776,7.998767850296815,15,30,67,95,303,5.891089108910891
81,446.16460905349794,74.48559670781893,3.10958641850649,1.582335613727822,-0.9152899962275794,243.0,8.0,2.0,2.3592233009708736,2.8209479177387813,2.6462837142006137,0.9772050238058398,4.478115991081385,441,452,68,81,103,7.359223300970874
82,697.8978102189781,72.15328467153284,3.0141216350971067,1.7544834336554322,-0.7105132824391025,137.0,3.0,2.0,1.8026315789473684,4.068428945128219,3.0382538898732494,1.1283791670955126,4.406461512053774,693,703,68,77,76,3.8026315789473686
83,4.554934823091248,64.78957169459963,5.628752636935121,2.3279362505180416,-1.406679249325107,537.0,6.0,3.0,2.698492462311558,5.997417539138688,4.61809077155419,1.7841241161527712,6.93287767191607,0,11,55,76,199,4.698492462311558
84,815.7789949988093,48.33460347701834,23.678134150578753,10.385903401086514,0.6213612531533695,4199.0,13.0,3.0,3.683333333333333,6.793742230659745,9.706684619910241,3.3377905890622728,17.112717355495807,752,840,0,83,1140,4.683333333333334
85,182.41558441558442,69.37402597402597,13.08869624197471,4.317337012044493,1.4496731481263818,1925.0,11.0,3.0,3.532110091743119,5.108953969950291,7.046725639945928,2.5231325220201604,11.493415626621754,167,191,35,92,545,5.532110091743119
86,908.1845530189887,63.58310219756774,17.152472478506574,13.459538583376602,-1.548376366752897,4687.0,9.0,2.0,2.6555240793201134,9.27058084855655,12.334995970645954,4.652426491681278,20.074369626682653,869,934,31,103,1765,4.655524079320113
87,100.03051758906565,120.938695944432,20.833102524962957,16.03550437704351,-0.888497181681203,22315.0,35.0,3.0,6.404994259471872,10.49453289192004,12.85312533702941,4.720348719413148,27.169111617059006,42,170,40,179,3484,7.404994259471872
88,751.3947368421053,81.0,4.578799172419362,3.9855807404413905,-1.3421775765429422,494.0,7.0,2.0,1.703448275862069,3.141274657157109,4.652426491681278,1.5957691216057308,7.653039857325812,738,761,72,92,290,6.703448275862069
89,391.6100746268657,75.89458955223881,12.767850186836753,8.02757639488626,-0.7887437645981565,2144.0,7.0,3.0,2.93296853625171,8.667244841319219,8.722159296752494,3.523362819972964,13.552298857686367,360,412,53,95,731,5.93296853625171
90,328.14240506329116,82.35759493670886,5.764364305357891,2.129634527179951,-1.0819633779667022,316.0,6.0,2.0,2.0387096774193547,3.5682482323055424,3.656366395715726,1.381976597885342,6.180387232371033,321,335,75,95,155,7.038709677419355
91,804.9130009775171,90.56109481915934,4.7180015944664015,2.88788215827881,-1.0254384768276643,1023.0,9.0,4.0,4.3164556962025316,5.613615477764332,4.720348719413148,1.8712051592547776,7.48482063701911,797,812,80,101,237,6.3164556962025316
92,706.5,84.35714285714286,2.751349520600691,0.9537649879333692,-0.16378222119050923,28.0,1.0,1.0,0.7368421052631579,2.985410660720923,2.0342144725641096,0.7978845608028654,2.8209479177387813,702,711,83,87,38,3.736842105263158
93,477.66946640316206,92.33843873517786,5.463212085821693,3.7059234065620874,1.490748324395072,2024.0,15.0,3.0,4.888888888888889,5.556622981616415,5.4115163798060095,2.0342144725641096,9.304852983362556,470,488,80,106,414,6.888888888888889
94,94.70625,92.19375,3.0296489596837617,2.088037129959272,-0.6132814792188257,160.0,4.0,2.0,1.6161616161616161,4.145929793656026,3.1915382432114616,1.1283791670955126,4.853342309955121,89,101,87,98,99,9.616161616161616
95,208.69117647058823,90.04411764705883,2.5411235033933806,1.3300009072063133,-1.1982925624066127,68.0,3.0,1.0,0.9577464788732394,2.0342144725641096,2.1850968611841584,0.7978845608028654,3.6996385101659595,205,213,84,95,71,3.9577464788732395
96,373.18677042801556,84.71984435797665,3.846349741136681,2.161478621056071,-0.36249590164795675,257.0,4.0,2.0,2.089430894308943,5.292567428401227,3.5682482323055424,1.381976597885342,5.4115163798060095,366,381,80,91,123,8.089430894308943
97,674.5725616291533,79.83129689174706,9.296254476047743,7.231066098933011,-0.9490328873999736,4665.0,17.0,4.0,5.882723833543506,7.735777827895049,7.694520051971082,2.985410660720923,13.493452297211721,654,691,66,114,793,7.882723833543506
98,904.1644736842105,97.15570175438596,2.8629527153702994,2.511817004543238,-0.3195733557019781,456.0,9.0,3.0,3.4285714285714284,3.477898169151024,3.3377905890622728,1.2615662610100802,5.4115163798060095,897,910,91,102,133,8.428571428571429
99,861.4634146341464,85.78658536585365,3.1064763307708123,1.7628949373028981,-0.745629437553464,164.0,6.0,1.0,1.5922330097087378,2.8209479177387813,2.6462837142006137,0.9772050238058398,4.370193722368317,856,867,79,92,103,4.592233009708738
100,951.065625,84.90208333333334,5.865604819609702,3.9513386912045965,-0.8182347869990895,960.0,8.0,2.0,2.6592797783933517,5.641895835477563,5.140011726956917,2.0342144725641096,9.079772052293041,937,960,70,96,361,4.659279778393352
101,436.1951219512195,91.6951219512195,2.470706170284272,1.751989117674817,-0.19854336700266748,82.0,3.0,1.0,1.1884057971014492,2.5231325220201604,2.393653682408596,0.7978845608028654,3.949327084834294,432,441,88,97,69,7.188405797101449
102,628.2615384615384,97.72307692307692,2.58194588344128,1.4264012562227628,-0.26574026250787824,65.0,2.0,1.0,1.2745098039215685,3.949327084834294,2.256758334191025,0.9772050238058398,3.656366395715726,624,633,94,100,51,6.2745098039215685
103,548.2633744855967,92.4320987654321,2.5607783506449127,1.751284446430667,0.6835928122197662,243.0,6.0,3.0,3.4714285714285715,3.8678889139475245,2.7057581899030048,1.1283791670955126,4.1841419359420025,544,553,87,97,70,10.471428571428572
104,582.1120263591433,116.95792675199594,21.53869804617286,21.402117897727692,-1.009570813652386,7891.0,9.0,3.0,3.711665098777046,12.476118560829471,15.807379942744328,6.050259243299904,23.62196500040132,516,621,81,167,2126,4.711665098777046
105,1010.9181034482758,92.79310344827586,3.1949715896475217,1.5883374096414398,-1.127397027172223,232.0,6.0,3.0,2.8292682926829267,3.8678889139475245,2.8209479177387813,0.9772050238058398,4.370193722368317,1006,1015,87,99,82,4.829268292682927
106,175.7598440545809,112.36530214424951,24.12579898130908,12.894138069138384,1.3159071806219553,2565.0,7.0,2.0,1.9199101796407185,5.917270272703197,11.11324596323283,4.1841419359420025,18.246976213834582,143,204,69,176,1336,3.9199101796407185
107,527.4193548387096,94.0752688172043,4.067487111553434,1.627995334096188,-0.9281120617102114,93.0,3.0,1.0,1.1923076923076923,2.393653682408596,2.9316150714175193,1.1283791670955126,4.51351666838205,522,535,88,100,78,6.1923076923076925
108,73.448,92.824,3.4011591335637124,1.4001559013829123,-1.441850674916936,125.0,4.0,1.0,1.2019230769230769,3.6125759969217834,2.763953195770684,0.9772050238058398,4.296739856991561,68,77,84,100,104,5.201923076923077
109,352.78092783505156,106.52835051546391,7.0355887924934,3.232110663108467,0.2802723943611169,388.0,5.0,1.0,1.515625,4.1073621666150775,4.145929793656026,1.4927053303604616,7.046725639945928,336,362,99,120,256,5.515625
110,560.239263803681,92.17101226993866,7.810561655214289,4.143501368532862,-0.10116298295486559,1304.0,9.0,3.0,3.2681704260651627,5.917270272703197,5.4115163798060095,2.111004122822376,9.114761669619748,541,574,82,102,399,7.268170426065163
111,299.7577548005908,87.2466765140325,5.798339221072569,3.202389564614626,1.2303730492842868,677.0,6.0,2.0,2.545112781954887,5.781222885281108,4.982787485166879,1.8712051592547776,7.978845608028654,292,307,77,102,266,5.545112781954887
112,959.2379518072289,109.04518072289157,3.2364141155171846,2.519221980080521,-0.4665588770281029,332.0,5.0,1.0,1.7382198952879582,4.3336224206596095,3.6125759969217834,1.381976597885342,5.781222885281108,952,973,97,117,191,4.738219895287958
113,373.1290322580645,115.53629032258064,8.492581504969824,2.486096079290636,-1.1940866841891715,248.0,4.0,1.0,1.158878504672897,4.652426491681278,3.949327084834294,1.4927053303604616,6.457444935117649,362,380,103,133,214,4.158878504672897
114,705.2121212121212,111.45454545454545,3.505861561448326,1.4044498026662868,0.20484722083583007,66.0,2.0,1.0,0.6111111111111112,4.370193722368317,2.876813695875796,0.9772050238058398,4.1073621666150775,697,712,105,116,108,5.611111111111111
115,47.03623188405797,112.44927536231884,3.340722429118763,1.534211150826782,1.4799890862694207,138.0,5.0,2.0,1.6235294117647059,2.1850968611841584,2.763953195770684,0.9772050238058398,4.3336224206596095,43,51,106,119,85,5.623529411764705
116,886.0951612903226,116.66612903225807,4.972144525559454,3.9041948201355434,0.6776722552241617,1240.0,9.0,3.0,3.6470588235294117,5.440847306724618,5.440847306724618,2.0342144725641096,8.884866446580956,875,896,107,128,340,5.647058823529412
117,251.36447265782607,129.3727842483256,17.309215748556483,13.860781331950808,0.5699091120087251,74354.0,102.0,7.0,13.237315292860957,10.357143990692485,14.690612745308144,5.014626706796775,32.69380060202804,202,317,84,175,5617,14.237315292860957
118,789.2439024390244,114.0060975609756,3.615367699121687,2.465550732315008,0.6177793141413661,492.0,7.0,4.0,3.5652173913043477,4.787307364817192,3.8678889139475245,1.4927053303604616,5.781222885281108,783,797,107,120,138,5.565217391304348
119,121.73991031390135,109.82511210762331,2.8568636188573535,2.3533601767608254,-1.2259004434156324,446.0,9.0,3.0,3.5118110236220472,3.523362819972964,3.2897623212397704,1.2615662610100802,5.322553886092406,116,127,103,116,127,9.511811023622048
120,68.12264150943396,121.33962264150944,3.242162052921805,1.463222338557949,0.8866013074205308,106.0,3.0,1.0,1.4324324324324325,3.1915382432114616,2.5854414729132054,0.9772050238058398,4.1073621666150775,64,73,115,127,74,5.4324324324324325
121,748.1253644314869,109.79591836734694,3.6459941782366547,2.2313240380750994,0.4935080647210994,343.0,6.0,2.0,2.117283950617284,4.145929793656026,3.431831258788849,1.2615662610100802,5.725898905580716,738,756,104,117,162,5.117283950617284
122,843.2894736842105,114.39473684210526,3.267864957170876,1.0893620110793876,1.236992177775932,38.0,1.0,1.0,0.5428571428571428,3.477898169151024,2.393653682408596,0.9772050238058398,3.2897623212397704,840,849,108,119,70,3.5428571428571427
123,678.4516129032259,115.0,2.7903722555702615,1.527235772926166,0.18456638112973095,124.0,3.0,2.0,1.7714285714285714,3.5682482323055424,2.6462837142006137,1.1283791670955126,4.1841419359420025,672,684,112,119,70,5.771428571428571
124,302.812030075188,129.9812030075188,3.0735943798125045,2.1120938879182254,-1.50353436807819,266.0,6.0,2.0,2.485981308411215,3.949327084834294,3.1915382432114616,1.2615662610100802,4.950743503369154,298,308,121,136,107,8.485981308411215
125,460.9654545454545,113.80727272727273,4.496531988366594,2.6325150739955383,-1.379296104872835,550.0,5.0,3.0,2.956989247311828,5.725898905580716,4.370193722368317,1.7841241161527712,6.746726148605861,456,468,105,123,186,4.956989247311828
126,31.298780487804876,112.50365853658536,8.907009500356876,5.619243596407852,0.6313898214542952,820.0,4.0,2.0,1.8101545253863134,8.848967849484623,6.651697090182843,2.5231325220201604,10.71960208740737,16,52,100,129,453,3.8101545253863134
127,1006.0666666666667,138.46666666666667,2.9319005542896543,0.8052351111121526,-1.5290863898105358,30.0,1.0,0.0,0.35714285714285715,3.0901936161855166,2.111004122822376,0.7978845608028654,2.876813695875796,1003,1010,128,143,84,3.357142857142857
128,818.8770949720671,126.96967278531524,7.8144612142273635,4.406378936710295,-1.145123943560991,1253.0,11.0,3.0,3.3502673796791442,4.478115991081385,5.232078956954491,1.9544100476116797,9.062226582657155,801,829,112,143,374,5.350267379679145
129,146.991710625471,125.63677467972872,6.61275131460061,3.194539109317106,0.5949698656572093,1327.0,10.0,4.0,4.070552147239264,6.383076486422923,5.382025607773058,2.111004122822376,8.667244841319219,136,164,109,134,326,9.070552147239264
130,338.7409638554217,136.79718875502007,3.7347040758550634,2.1851953326205327,-1.4055582968566969,498.0,9.0,3.0,3.2549019607843137,3.3377905890622728,3.2410224072142872,1.2615662610100802,5.670035141386943,333,343,125,143,153,8.254901960784315
131,411.0444444444444,135.52777777777777,2.374985721207718,2.2818185533671307,-0.3184568224975343,180.0,4.0,1.0,1.5,4.1841419359420025,2.9316150714175193,1.1283791670955126,4.720348719413148,404,417,129,142,120,4.5
132,634.901554404145,133.58031088082902,5.546835492269513,2.101109511036901,0.31592735144800943,193.0,3.0,1.0,1.3687943262411348,3.8678889139475245,3.7846987830302403,1.381976597885342,6.180387232371033,627,647,128,138,141,3.368794326241135
133,469.7224576271187,133.2624470338983,27.523597998844465,7.882665684191827,-0.056696433634179096,3776.0,9.0,2.0,2.4267352185089974,7.203090409536582,11.631066229203196,4.1841419359420025,19.140916357310147,425,548,106,156,1556,4.426735218508997
134,461.032967032967,139.46153846153845,1.737672538887307,1.4553480417199491,1.5266670503432185,91.0,4.0,2.0,1.8958333333333333,2.985410660720923,2.0342144725641096,0.7978845608028654,3.141274657157109,458,464,136,143,48,8.895833333333334
135,360.3670634920635,146.1547619047619,4.887341484616878,2.0579038517713313,0.5668152720771251,504.0,6.0,2.0,2.6526315789473682,5.440847306724618,3.8678889139475245,1.5957691216057308,6.128667601500942,350,369,138,154,190,5.652631578947369
136,1019.7370786516854,142.69662921348313,3.7562453928581023,2.058476195594506,-1.4818950802128796,445.0,8.0,4.0,3.938053097345133,4.583497844237541,3.477898169151024,1.381976597885342,5.292567428401227,1016,1023,135,150,113,4.938053097345133
137,832.96,143.0,1.725282954966035,1.2254789778865187,-0.4993709071641128,50.0,3.0,1.0,1.1363636363636365,2.111004122822376,1.7841241161527712,0.5641895835477563,2.876813695875796,829,836,140,146,44,8.136363636363637
138,1.058139534883721,149.41860465116278,7.5087770740024915,1.0609916611703225,-1.50938533327273,86.0,3.0,1.0,0.8958333333333334,2.326213245840639,2.7057581899030048,0.9772050238058398,4.296739856991561,0,6,137,164,96,3.8958333333333335
139,533.8177710843373,132.9617469879518,10.025997263022541,5.107413441919506,-0.9119689636052932,3320.0,16.0,3.0,4.54172366621067,6.102643417692329,7.377736139048903,2.6462837142006137,12.828336258339185,509,547,113,154,731,7.54172366621067
140,969.1038696537678,143.6354378818737,4.053880686839878,2.6129776596103977,-0.6438008114471738,491.0,6.0,2.0,2.639784946236559,5.077706251929807,3.989422804014327,1.5957691216057308,6.506551687525748,960,976,136,151,186,4.639784946236559
141,62.966887417218544,145.72847682119206,6.939687814457148,1.4250657600119339,1.4702488388070842,302.0,3.0,3.0,2.603448275862069,6.050259243299904,3.989422804014327,1.7841241161527712,5.613615477764332,61,66,129,158,116,5.603448275862069
142,216.39529914529913,144.42094017094018,2.89534705168881,2.5523092757849746,0.7717928213206762,468.0,9.0,3.0,3.0193548387096776,3.742410318509555,3.431831258788849,1.2615662610100802,5.527906391541368,209,223,138,151,155,7.019354838709678
143,898.2401574803149,144.248031496063,3.5127841516917173,2.69984884047567,1.2087869682816779,254.0,4.0,2.0,2.1166666666666667,5.140011726956917,3.5682482323055424,1.381976597885342,5.440847306724618,891,903,137,151,120,4.116666666666666
144,778.4292260692464,152.88645621181263,18.085851435642855,5.628083072356884,0.8934470198231221,1964.0,8.0,2.0,2.6941015089163236,7.998767850296815,8.117274569709014,3.0382538898732494,12.939513133525306,755,813,127,189,729,5.694101508916324
145,732.0638908829864,150.98061737257717,11.980794071378392,7.436612689523894,0.7540431206749132,1393.0,7.0,2.0,2.5844155844155843,5.836022431559495,7.312732791431452,2.7057581899030048,11.493415626621754,714,755,138,183,539,5.584415584415584
146,172.15625,159.32175925925927,12.850767082254974,4.330605947181611,-0.4880480083434774,864.0,7.0,1.0,1.5709090909090908,4.296739856991561,5.836022431559495,2.111004122822376,10.403141895720198,147,203,143,175,550,5.570909090909091
147,26.85483870967742,153.46774193548387,1.8737593640901191,1.5421425955892927,-1.1789091963145695,62.0,3.0,1.0,1.4761904761904763,2.4592453796829674,2.0342144725641096,0.7978845608028654,3.1915382432114616,24,30,150,158,42,3.4761904761904763
148,130.3235294117647,147.5,1.5387160422980068,1.469705617488981,-0.0,68.0,3.0,1.0,1.511111111111111,2.6462837142006137,1.8712051592547776,0.7978845608028654,3.0382538898732494,127,133,144,151,45,4.511111111111111
149,285.44611528822054,152.9874686716792,4.855971088761497,1.9278510061837832,-1.122705322371853,399.0,6.0,3.0,3.217741935483871,5.108953969950291,3.5682482323055424,1.381976597885342,5.352372348458314,279,292,144,161,124,13.21774193548387
150,572.7469135802469,147.7962962962963,3.341606091311964,1.4184750308259388,-0.9665641281924431,162.0,5.0,2.0,2.4545454545454546,3.0901936161855166,2.5854414729132054,0.9772050238058398,3.989422804014327,567,577,143,155,66,7.454545454545454
151,1018.125,163.5,1.8464492952817757,1.6733200530679337,0.0,80.0,3.0,1.0,1.0389610389610389,2.763953195770684,2.1850968611841584,0.7978845608028654,3.523362819972964,1014,1023,159,168,77,4.038961038961039
152,629.8104575163399,156.77777777777777,2.981190834280292,2.5323532643616793,0.4752954940380036,306.0,5.0,2.0,2.5081967213114753,4.296739856991561,3.477898169151024,1.381976597885342,5.352372348458314,624,636,151,163,122,4.508196721311475
153,837.1537282941778,159.57814096016344,10.70175907402151,8.229383155014908,-1.290744707140405,1958.0,8.0,3.0,2.773371104815864,7.837972188868215,8.51907589177983,3.0901936161855166,13.243441670776848,817,852,136,180,706,5.7733711048158645
154,828.609375,161.15625,3.2129670434625583,1.5461131344434234,-1.135576913763242,64.0,2.0,1.0,0.7804878048780488,4.145929793656026,2.5854414729132054,0.9772050238058398,3.8678889139475245,824,833,156,167,82,8.78048780487805
155,875.0379858657244,150.25265017667846,6.9802148023909725,3.368716679936927,1.0054692871982895,1132.0,8.0,3.0,4.0,6.407961869245868,5.108953969950291,2.111004122822376,8.387281135541944,864,887,140,167,283,5.0
156,750.3115942028985,165.81159420289856,3.6422270213560513,1.8058280436565137,-1.3801406210796099,138.0,3.0,1.0,1.4680851063829787,3.742410318509555,3.1915382432114616,1.1283791670955126,4.918490759365935,747,754,160,174,94,6.468085106382978
157,787.2206654991244,173.77933450087565,4.775947871349912,2.193792434904236,0.27913906136018607,571.0,6.0,4.0,3.591194968553459,6.154581744998688,4.222008245644752,1.692568750643269,6.257165172872317,778,796,168,180,159,7.591194968553459
158,52.970278044103544,170.5810162991371,4.952625808021589,2.9133795146542734,0.19950917512976177,1043.0,11.0,4.0,4.058365758754864,5.140011726956917,4.54864184146723,1.7841241161527712,7.269074295019226,42,63,161,177,257,7.058365758754864
159,151.80597014925374,166.9402985074627,1.8167430756563403,1.3554841288151862,-1.0606471705472753,67.0,4.0,1.0,1.5952380952380953,2.5231325220201604,2.0342144725641096,0.5641895835477563,3.2410224072142872,149,155,163,171,42,7.595238095238095
160,212.01857311320754,183.75383254716982,10.17322636996461,6.963047218500421,0.9013451041190574,3392.0,12.0,3.0,3.5077559462254393,7.225151993843567,8.387281135541944,3.0382538898732494,14.549091872423544,190,230,162,206,967,6.50775594622544
161,209.55263157894737,168.80701754385964,2.2247189669978265,1.7763305009219188,-0.6557724785136302,114.0,3.0,1.0,1.5,3.3377905890622728,2.393653682408596,0.9772050238058398,3.8678889139475245,203,214,165,173,76,9.5
162,421.8576025744167,162.71037811745776,6.9258050216545115,4.5357993373883225,0.7794646752371194,1243.0,6.0,3.0,2.708061002178649,9.0270333367641,6.886811529393324,2.6462837142006137,10.479356408358663,407,435,150,177,459,4.708061002178649
163,86.46218487394958,169.56302521008402,2.8537285788158586,1.5167105424310547,0.931042061290316,119.0,4.0,2.0,1.5063291139240507,3.5682482323055424,2.7057581899030048,0.7978845608028654,4.145929793656026,81,91,165,176,79,5.506329113924051
164,321.40059790732437,182.1965620328849,4.5986384992376905,2.7900180759992677,-0.588879963836525,1338.0,13.0,5.0,5.693617021276595,5.382025607773058,4.583497844237541,1.8712051592547776,7.356132180109627,312,332,174,190,235,9.693617021276596
165,725.5537190082645,172.6900826446281,4.811766763730601,2.1822989992875517,-0.8881242630560379,242.0,3.0,2.0,1.7794117647058822,4.982787485166879,3.742410318509555,1.5957691216057308,5.863230142835039,717,735,167,181,136,3.7794117647058822
166,103.83427708569272,189.57304643261608,8.64063472995156,7.378933956067104,1.4825645505233622,2649.0,12.0,4.0,4.307317073170732,6.076507779746499,7.958873497585845,2.763953195770684,12.565098628628435,88,125,172,206,615,5.307317073170732
167,345.0610328638498,167.36971830985917,4.996709561210374,2.972366933047622,-0.9001088581301221,852.0,7.0,3.0,3.302325581395349,5.863230142835039,4.787307364817192,1.9544100476116797,7.776816725043752,336,354,159,177,258,5.3023255813953485
168,391.0823653643083,174.24181626187962,8.01475632703136,3.911832630902579,-1.0354385260258214,947.0,8.0,2.0,2.545698924731183,5.046265044040321,5.232078956954491,1.9544100476116797,9.18434101276213,379,401,163,195,372,4.545698924731183
169,298.2317156527683,190.5727956254272,11.784372145039073,6.507976501983247,-0.179770549284747,1463.0,8.0,2.0,2.5757042253521125,6.506551687525748,7.334464586120832,2.7057581899030048,11.617374563210365,280,333,172,205,568,4.575704225352113
170,486.4470588235294,178.94117647058823,2.480798166694208,1.7101671257484645,-0.913739375274832,85.0,2.0,2.0,1.5178571428571428,4.1841419359420025,2.5854414729132054,1.1283791670955126,3.826519928662906,483,491,176,183,56,3.517857142857143
171,998.1129032258065,179.43548387096774,5.78399305734141,1.9703302970099614,-1.2872378884731488,434.0,6.0,3.0,3.078014184397163,5.527906391541368,4.068428945128219,1.5957691216057308,6.102643417692329,992,1003,168,189,141,4.078014184397163
172,646.771812080537,171.1476510067114,7.335672671097031,2.593216954120012,1.4787697682614944,298.0,4.0,2.0,1.6836158192090396,5.4115163798060095,4.1073621666150775,1.4927053303604616,6.530966601401967,641,653,160,183,177,4.68361581920904
173,525.465564738292,181.6749311294766,3.361328857553352,2.9628528568167565,0.033844779895502136,363.0,6.0,2.0,2.2546583850931676,4.54864184146723,3.742410318509555,1.381976597885342,6.154581744998688,520,535,175,188,161,4.254658385093168
174,875.5,187.07692307692307,1.844951531578274,1.0714144828640138,0.0,52.0,3.0,1.0,1.368421052631579,2.256758334191025,1.7841241161527712,0.5641895835477563,2.876813695875796,872,879,185,190,38,4.368421052631579
175,918.0864779874214,178.22798742138366,8.681287277122767,4.571274354302631,0.5682180587562706,636.0,4.0,2.0,1.7966101694915255,7.527227892173502,5.781222885281108,2.1850968611841584,9.574614729634384,900,935,167,190,354,3.7966101694915255
176,971.4537987679671,186.45893223819303,7.288587194116152,3.8081542837266187,1.0535410011539685,974.0,7.0,2.0,2.782857142857143,5.997417539138688,5.613615477764332,2.1850968611841584,8.991702346646203,960,981,175,199,350,4.782857142857143
177,162.64870067372473,188.85178055822908,12.331393658836136,4.823168826194653,0.06035937699904175,1039.0,7.0,2.0,2.263616557734205,5.4700209598571305,6.128667601500942,2.256758334191025,10.155412503859614,134,184,177,199,459,5.2636165577342044
178,596.1480815347721,174.9124700239808,11.431819514669304,5.140739082868004,0.9931377505689614,1668.0,11.0,2.0,2.8758620689655174,5.4115163798060095,6.206085419025319,2.256758334191025,11.283791670955125,584,623,162,207,580,4.875862068965517
179,611.3752310536045,196.275415896488,5.639834862419473,2.279380068429823,-0.13246631165249825,541.0,6.0,3.0,2.832460732984293,5.970821321441846,4.370193722368317,1.692568750643269,6.723094811029982,600,622,191,203,191,5.832460732984293
180,553.5598845598846,201.11111111111111,5.662735711896314,2.7829288519212385,-1.4569036279550966,693.0,7.0,2.0,2.772,4.950743503369154,4.720348719413148,1.8712051592547776,7.54834217738561,547,560,192,215,250,4.772
181,1019.5,195.5,1.384437310472331,0.9574271077550716,0.0,24.0,2.0,1.0,0.6666666666666666,2.5231325220201604,1.4927053303604616,0.5641895835477563,2.326213245840639,1017,1023,193,198,36,5.666666666666667
182,303.6101694915254,199.33898305084745,1.8011117170908832,1.4721023572284817,-0.1469548243396082,59.0,3.0,1.0,1.372093023255814,2.1850968611841584,2.0342144725641096,0.5641895835477563,3.3377905890622728,300,307,196,202,43,7.372093023255814
183,243.4968325791855,200.1972850678733,13.255229104083284,3.5205301963813658,-1.0053436181312696,1105.0,6.0,2.0,2.1007604562737643,6.863662517577698,7.069275219628611,2.5231325220201604,11.437891554894984,225,258,181,227,526,4.100760456273764
184,471.5,195.5,2.29128784747792,1.7078251276570928,-0.0,48.0,1.0,1.0,0.5274725274725275,3.9088200952233594,2.7057581899030048,1.1283791670955126,3.6996385101659595,465,475,185,201,91,3.5274725274725274
185,689.8656398104265,164.26321090047392,27.169229725677965,12.443174446232291,0.0033940576979948566,33760.0,53.0,2.0,8.651973347001539,11.780624362746345,11.87481703351337,4.61809077155419,23.520684135191054,658,854,117,207,3902,10.651973347001539
186,779.7951153324287,198.85345997286296,7.330593396257703,4.352142788620873,-0.48341962904811725,737.0,6.0,2.0,2.4731543624161074,6.457444935117649,5.201570947860099,2.0342144725641096,8.387281135541944,762,792,188,214,298,4.473154362416107
187,871.54,206.38,3.0545922765459883,1.5177173729273905,0.4091443592067915,200.0,6.0,2.0,2.6666666666666665,3.2897623212397704,2.5854414729132054,0.9772050238058398,4.1841419359420025,866,877,201,211,75,9.666666666666666
188,63.642857142857146,202.35714285714286,2.3059450728258883,1.4634893216471767,-0.13698706050548484,70.0,2.0,1.0,1.0606060606060606,3.9088200952233594,2.326213245840639,0.9772050238058398,3.5682482323055424,58,70,199,205,66,5.0606060606060606
189,409.7136929460581,194.43983402489627,3.469477829626299,2.686711414180659,-0.7811499253022544,241.0,4.0,1.0,1.478527607361963,4.583497844237541,3.385137501286538,1.381976597885342,5.725898905580716,400,416,187,203,163,4.478527607361963
190,735.9142857142857,199.3761904761905,5.41499281592468,1.7836388487230554,0.16448866739334705,210.0,4.0,1.0,1.4583333333333333,4.442433223290478,3.5682482323055424,1.2615662610100802,5.698035485213008,728,751,194,204,144,5.458333333333333
191,366.28709677419357,202.09677419354838,5.868353802275275,2.2251469637531684,-0.3325584758917656,310.0,6.0,2.0,1.949685534591195,3.826519928662906,3.7846987830302403,1.381976597885342,6.3078313050504,353,375,196,207,159,3.949685534591195
192,428.3647375504711,207.75100942126514,4.0514068400070045,3.0041620099825517,1.0671835400853942,743.0,8.0,3.0,3.3926940639269407,5.4700209598571305,4.406461512053774,1.692568750643269,7.069275219628611,421,437,200,216,219,5.392694063926941
193,122.375,211.5,1.4523687548277813,1.118033988749895,0.0,32.0,2.0,1.0,0.9142857142857143,2.763953195770684,1.4927053303604616,0.5641895835477563,2.5231325220201604,120,125,208,215,35,3.914285714285714
194,891.3128834355829,201.24846625766872,3.0670903390681117,2.303813893359683,0.9035174464841941,326.0,6.0,2.0,2.6504065040650406,4.259537945889915,3.2410224072142872,1.381976597885342,5.292567428401227,885,897,195,208,123,4.650406504065041
195,145.21328671328672,209.26923076923077,2.636356653552732,2.0725065813497014,-1.0177264774260548,286.0,6.0,3.0,3.142857142857143,4.1841419359420025,2.985410660720923,1.1283791670955126,4.583497844237541,140,150,204,215,91,7.142857142857143
196,270.22287968441816,206.72781065088756,4.327682823187554,2.441719608624274,0.5292017733282866,507.0,6.0,3.0,2.8011049723756907,5.440847306724618,4.1073621666150775,1.692568750643269,6.4820448144285745,262,279,200,214,181,4.801104972375691
197,523.5,206.0,2.29128784747792,0.8164965809262409,0.0,24.0,1.0,0.0,0.4067796610169492,2.763953195770684,1.8712051592547776,0.7978845608028654,2.5854414729132054,520,527,203,210,59,3.406779661016949
198,825.3570391872279,207.29172714078373,6.65567979605016,2.8901410239664207,-0.26836165524959826,689.0,8.0,2.0,2.7233201581027666,4.853342309955121,4.54864184146723,1.692568750643269,7.48482063701911,815,840,196,214,253,4.723320158102767
199,925.5752032520326,218.9288617886179,7.345553877681373,3.1525586625441795,1.5565204616202222,492.0,5.0,2.0,1.9759036144578312,4.51351666838205,4.652426491681278,1.692568750643269,7.858251581595959,917,931,204,230,249,3.9759036144578315
200,698.4299754299755,207.85503685503684,3.707568191245442,2.509712966476513,0.6700108257602355,407.0,5.0,2.0,2.496932515337423,4.982787485166879,3.8678889139475245,1.5957691216057308,6.206085419025319,690,706,201,215,163,4.4969325153374236
201,153.32539682539684,220.88227513227514,11.062153451929634,3.511850344415246,0.9313049907477351,756.0,7.0,2.0,2.1538461538461537,4.1073621666150775,5.382025607773058,1.8712051592547776,9.218933756735217,132,166,201,236,351,4.153846153846154
202,671.2394948835184,225.5564990202482,8.896555180768937,5.2727933495056485,0.3990178272733122,4593.0,28.0,5.0,7.851282051282051,6.257165172872317,6.050259243299904,2.326213245840639,11.18462271470208,640,684,206,239,585,10.851282051282052
203,775.1320549139245,247.4748311178906,14.834493635228798,10.709997563789235,1.1303658735006465,4589.0,18.0,3.0,4.025438596491228,4.982787485166879,9.624353322664494,3.0901936161855166,16.342031529409077,736,792,213,270,1140,6.025438596491228
204,61.61882716049383,241.98302469135803,7.462782282683869,6.182976705531475,0.9777346530782574,1944.0,7.0,3.0,2.793103448275862,8.685588237163813,7.898654169668588,3.141274657157109,12.257335203001883,47,77,214,256,696,5.793103448275862
205,1015.3854109961894,230.55362003266194,13.44617667978501,4.781685062060919,-1.3110710463978652,1837.0,7.0,2.0,2.762406015037594,8.097643889049511,7.632215220473915,3.0382538898732494,12.347891944863939,997,1023,192,262,665,4.762406015037594
206,259.5,223.6904761904762,2.026608708444957,1.6688760865559504,0.0,84.0,3.0,1.0,1.1666666666666667,3.0901936161855166,2.393653682408596,0.7978845608028654,3.6125759969217834,256,263,219,228,72,4.166666666666667
207,316.6140350877193,216.40350877192984,2.467256292517475,1.7282427655820582,0.42065080444599956,57.0,2.0,1.0,1.0363636363636364,3.7846987830302403,2.256758334191025,0.7978845608028654,3.523362819972964,313,321,213,220,55,4.036363636363636
208,623.5955056179776,224.8876404494382,2.451969659014396,1.8058357122877553,-0.927040991166839,178.0,6.0,2.0,1.913978494623656,3.141274657157109,2.6462837142006137,0.9772050238058398,4.296739856991561,618,629,220,231,93,5.913978494623656
209,175.9075630252101,220.46218487394958,2.1617252741589583,2.023951833836395,-1.4841554003569648,119.0,4.0,2.0,1.8307692307692307,3.477898169151024,2.5231325220201604,0.7978845608028654,4.029119531035698,171,180,216,224,65,3.830769230769231
210,463.27110187110185,220.37546777546777,13.393662635816103,5.613310808870816,0.09850992645293134,2405.0,6.0,3.0,3.236877523553163,12.976360421598395,9.23618154310838,3.6996385101659595,14.036873567421145,439,488,205,231,743,4.236877523553163
211,968.6276178010471,226.51178010471205,7.301729802122193,4.325377756812508,0.36104633080582477,1528.0,10.0,3.0,3.4727272727272727,6.506551687525748,6.128667601500942,2.393653682408596,9.997464891746821,952,989,216,237,440,5.472727272727273
212,654.1263440860215,215.38172043010752,5.165830036823595,2.0278570302615995,-0.806526155650571,372.0,5.0,2.0,1.9682539682539681,4.370193722368317,3.949327084834294,1.4927053303604616,6.358093703724522,644,663,208,227,189,8.968253968253968
213,984.6179775280899,230.35955056179776,1.704715350379697,1.352761528763577,0.9528773901796672,89.0,5.0,2.0,2.4722222222222223,2.256758334191025,1.8712051592547776,0.5641895835477563,2.9316150714175193,981,987,227,233,36,6.472222222222222
214,772.5103448275862,228.06206896551726,3.1530063018301844,1.7203964957207183,0.24857727436707158,145.0,3.0,2.0,1.7058823529411764,4.145929793656026,2.985410660720923,1.1283791670955126,4.370193722368317,767,780,225,232,85,9.705882352941176
215,835.1940298507462,237.23880597014926,1.8989320253510278,1.540781669938084,-0.9825016184533999,67.0,3.0,2.0,1.5952380952380953,2.6462837142006137,2.111004122822376,0.7978845608028654,3.2897623212397704,832,838,233,241,42,3.5952380952380953
216,103.0944963655244,226.0539979231568,4.613081128674389,3.721126933571239,0.43854421419576556,963.0,9.0,3.0,3.21,5.170882945826411,4.853342309955121,1.8712051592547776,8.03846421247924,86,111,217,235,300,5.21
217,804.0,229.32,3.8363327483304213,1.3784596635737572,0.9899093477048332,25.0,1.0,0.0,0.28735632183908044,2.8209479177387813,1.9544100476116797,0.7978845608028654,2.6462837142006137,798,807,221,235,87,3.2873563218390807
218,335.90393013100436,221.96943231441048,6.801092861225987,3.8465708704040495,1.0593756131582324,687.0,5.0,2.0,2.3527397260273974,6.6755811781245455,5.698035485213008,2.256758334191025,8.387281135541944,325,347,210,241,292,4.352739726027397
219,524.4816513761468,250.02650356778798,10.518268239881433,6.081531443954535,1.2481092367664335,1962.0,6.0,2.0,2.4586466165413534,10.280023453913834,8.6488625410045,3.2897623212397704,13.808244704671576,508,536,229,271,798,4.458646616541353
220,341.7818181818182,235.42727272727274,1.953267241379367,1.7989997154822335,-1.2938651361560702,110.0,4.0,2.0,1.8333333333333333,3.385137501286538,2.393653682408596,0.7978845608028654,3.742410318509555,338,345,231,239,60,6.833333333333333
221,965.0270394133822,254.18560953253896,15.058094251770525,5.8057866045690005,0.5260078784036296,2182.0,7.0,2.0,2.632086851628468,8.058239062071396,8.740387444736633,3.385137501286538,13.980066885278035,937,994,236,285,829,4.632086851628468
222,325.6744186046512,242.4418604651163,2.8290422181433623,1.1802332951278312,-0.7522392515753843,43.0,2.0,1.0,0.9148936170212766,3.2897623212397704,1.9544100476116797,0.7978845608028654,3.0382538898732494,322,331,237,246,47,3.9148936170212765
223,653.9848484848485,244.33333333333334,1.923841986421229,1.28731825958446,0.5536245874332127,66.0,3.0,1.0,1.32,2.5854414729132054,2.0342144725641096,0.7978845608028654,3.1915382432114616,650,659,241,247,50,8.32
224,745.5177664974619,236.66497461928935,4.816022469117346,1.7126639012058462,-1.0846386079728074,197.0,4.0,1.0,1.270967741935484,4.51351666838205,3.523362819972964,1.2615662610100802,5.4700209598571305,739,751,225,245,155,4.2709677419354835
225,287.03388973191704,233.95902883156296,14.437693901848682,3.861452458801059,-0.35265637679959605,1977.0,9.0,2.0,2.8082386363636362,5.781222885281108,7.611333607551958,2.7057581899030048,12.628271971179554,248,315,221,250,704,4.808238636363637
226,354.109756097561,243.3780487804878,2.6238300036692546,1.7170770828683402,-1.2390022275207409,164.0,5.0,3.0,2.523076923076923,3.2410224072142872,2.6462837142006137,0.9772050238058398,3.949327084834294,351,359,239,250,65,7.523076923076923
227,756.433734939759,252.210843373494,2.8914551203338146,2.162866315411835,-0.15232219022036714,332.0,6.0,3.0,3.3877551020408165,4.61809077155419,3.1915382432114616,1.2615662610100802,4.918490759365935,751,763,248,257,98,7.387755102040816
228,616.55,257.9583333333333,2.7025584391748882,2.0757187763316898,-0.9439749180316557,240.0,6.0,3.0,2.727272727272727,3.949327084834294,3.0382538898732494,0.9772050238058398,4.61809077155419,612,622,253,263,88,5.7272727272727275
229,308.79661016949154,252.0677966101695,2.885733997948352,2.526586162486118,-1.0718571988820411,177.0,3.0,1.0,1.5526315789473684,3.5682482323055424,3.1915382432114616,1.2615662610100802,5.499039842323396,303,314,246,258,114,3.5526315789473686
230,577.5894931362196,242.90549102428722,20.135246698878742,7.556002791320911,0.053854291437366954,3788.0,12.0,2.0,3.110016420361248,7.938851142601841,8.866935315394846,3.2897623212397704,16.351767622932517,550,630,219,269,1218,5.110016420361248
231,859.3791430881164,257.01293451899755,8.583282114261216,3.70668796649372,0.15949373114877285,1237.0,6.0,3.0,3.108040201005025,8.97398468933946,6.530966601401967,2.5231325220201604,9.981532666656284,843,876,247,266,398,7.108040201005025
232,148.06153846153848,253.6051282051282,5.9542656943865815,3.19267335788692,0.17712581888261425,975.0,7.0,3.0,3.1150159744408947,6.432750982580687,5.382025607773058,2.111004122822376,8.444016491289505,135,160,247,263,313,7.115015974440895
233,413.5211267605634,263.0281690140845,6.172393540359338,2.7939273790932186,1.4207720250443283,1278.0,12.0,4.0,4.75092936802974,5.352372348458314,4.853342309955121,1.8712051592547776,7.938851142601841,407,421,247,274,269,13.75092936802974
234,460.4128878281623,251.41050119331743,6.634377496918067,2.1840679137692764,0.6708537263234245,419.0,5.0,2.0,1.9671361502347418,4.51351666838205,4.652426491681278,1.8712051592547776,7.356132180109627,449,471,241,260,213,3.967136150234742
235,1011.675,255.725,2.593277015265573,1.2722673941163714,0.889448852250273,80.0,3.0,1.0,1.509433962264151,2.8209479177387813,2.1850968611841584,0.7978845608028654,3.477898169151024,1008,1016,251,260,53,5.509433962264151
236,80.22544642857143,268.09375,13.63096061632642,4.330773729131226,-0.530824364368319,1344.0,9.0,2.0,2.4935064935064934,5.077706251929807,5.917270272703197,2.111004122822376,11.055812783082736,64,119,250,279,539,6.4935064935064934
237,741.4278350515464,261.07216494845363,2.4063770970441922,1.7602324401387817,0.18618277687073,194.0,5.0,2.0,2.5866666666666664,3.3377905890622728,2.5231325220201604,0.9772050238058398,4.068428945128219,737,747,257,265,75,7.586666666666667
238,446.5813953488372,262.5813953488372,1.9164540448524863,1.454743643996769,0.7853981634021228,43.0,2.0,0.0,0.46236559139784944,3.431831258788849,2.1850968611841584,0.7978845608028654,3.1915382432114616,441,452,256,268,93,3.4623655913978495
239,716.6417322834645,262.9212598425197,2.7581653120197083,2.3995767006862883,0.7192456193722665,254.0,5.0,2.0,1.801418439716312,3.6996385101659595,3.2410224072142872,1.2615662610100802,5.262410103554244,709,722,257,270,141,5.801418439716312
240,492.04654654654655,274.9174174174174,3.8290688530999994,2.730452596255583,-1.4460678639111069,666.0,7.0,4.0,4.136645962732919,5.4115163798060095,4.1073621666150775,1.692568750643269,6.3078313050504,486,498,265,282,161,5.136645962732919
241,594.9775280898876,263.3820224719101,2.6921589609520686,1.4684671500993012,0.10620650475543547,89.0,2.0,1.0,1.289855072463768,4.1841419359420025,2.6462837142006137,1.1283791670955126,3.826519928662906,589,599,260,267,69,5.2898550724637685
242,190.26821405544808,272.7691811734365,11.728536458572314,8.200283513304342,-0.21017511806830028,1551.0,6.0,2.0,2.206258890469417,9.166995688475081,8.349243383340204,3.0901936161855166,13.171138446245484,171,222,256,291,703,5.2062588904694165
243,388.9516129032258,274.18387096774194,3.070544466452315,2.2411389090841976,-0.6326527854166362,620.0,11.0,5.0,5.299145299145299,4.029119531035698,3.385137501286538,1.2615662610100802,5.232078956954491,383,395,268,279,117,13.2991452991453
244,642.8809523809524,276.28231292517006,2.5127142096067243,2.239232700044984,-0.06065811093652494,294.0,6.0,3.0,3.0,4.1841419359420025,3.0382538898732494,1.1283791670955126,4.787307364817192,637,648,272,281,98,10.0
245,985.5483870967741,270.6774193548387,5.898039499022879,2.422447361995219,-1.2679038666518085,434.0,5.0,2.0,1.8547008547008548,4.3336224206596095,4.583497844237541,1.692568750643269,7.312732791431452,978,991,258,282,234,6.854700854700854
246,261.5833333333333,270.8611111111111,4.001428640199609,1.36059661854732,0.8617642563917005,72.0,3.0,1.0,0.96,2.326213245840639,2.256758334191025,0.7978845608028654,3.7846987830302403,256,267,265,276,75,3.96
247,887.4033613445379,270.69747899159665,2.23516949238024,1.6223905037366073,-0.956646885850273,119.0,5.0,1.0,1.4691358024691359,2.326213245840639,2.326213245840639,0.7978845608028654,3.826519928662906,883,892,265,276,81,4.469135802469136
248,94.36111111111111,281.0,2.9278837710708396,0.9957609316373615,0.4390064137720388,72.0,3.0,1.0,1.309090909090909,2.6462837142006137,2.0342144725641096,0.7978845608028654,3.2410224072142872,88,99,277,284,55,7.3090909090909095
249,925.3719571567673,270.7224926971762,13.042576781871654,4.215249802046198,0.38156191656896526,1027.0,7.0,2.0,2.287305122494432,5.046265044040321,6.102643417692329,2.1850968611841584,10.479356408358663,907,957,260,292,449,4.287305122494432
250,862.3464566929134,229.65475469412476,20.26362051830794,10.631325220661603,-1.411373164364196,8255.0,14.0,3.0,4.242034943473793,10.124020118074668,13.086279790944385,4.720348719413148,22.03230756026887,832,893,197,294,1946,5.242034943473793
251,347.98823529411766,275.70588235294116,3.4053908302980602,1.9248129749178093,1.3302502649484549,170.0,3.0,2.0,1.683168316831683,4.145929793656026,3.2897623212397704,1.2615662610100802,5.108953969950291,344,352,269,283,101,5.683168316831683
252,304.3191489361702,279.6170212765957,1.9161914472400217,1.117986742965491,-0.5816760114944542,47.0,3.0,1.0,1.0217391304347827,2.1850968611841584,1.7841241161527712,0.5641895835477563,2.8209479177387813,300,308,276,283,46,7.021739130434782
253,476.2384105960265,275.841059602649,2.6775620584368482,1.878833870956909,0.45735196325121485,151.0,4.0,2.0,1.986842105263158,3.989422804014327,2.763953195770684,0.9772050238058398,4.3336224206596095,472,481,272,281,76,3.986842105263158
254,527.7246728065924,293.6408143480368,11.063026462855834,4.439213160359043,0.4358311335226428,2063.0,9.0,3.0,3.3599348534201954,7.399277020331919,7.48482063701911,2.9316150714175193,11.861406733319429,508,549,281,309,614,6.359934853420196
255,789.3743536711479,286.1685625646329,11.987808218110837,5.687920709580364,-0.1049952377609589,967.0,5.0,2.0,2.1927437641723357,6.817128675830715,6.6036697681803656,2.6462837142006137,10.448937312523231,770,826,269,298,441,5.192743764172335
256,5.528421839940164,288.6275243081526,10.010917999643828,4.707572027985566,1.5160394172010156,2674.0,12.0,4.0,4.888482632541133,8.368283871884005,7.136496464611085,2.763953195770684,11.32602684669552,0,23,270,313,547,9.888482632541134
257,439.6,289.7,2.556167723852373,1.7557543205586392,-1.1572617401045724,60.0,2.0,1.0,0.7317073170731707,4.1073621666150775,2.6462837142006137,0.7978845608028654,3.826519928662906,436,445,285,295,82,3.731707317073171
258,385.1550694468143,250.77845271815173,19.68227019449887,17.621324734974834,0.4535534015106534,29303.0,35.0,5.0,6.83850641773629,9.788323438736636,16.88803298257901,5.613615477764332,31.183917366031494,322,431,211,302,4285,7.83850641773629
259,812.472334682861,290.8920377867746,5.373392155153717,2.654890970269534,-0.2888789206960624,741.0,7.0,3.0,3.4626168224299065,5.670035141386943,4.686510657907603,1.8712051592547776,7.1809610472257885,803,824,283,297,214,7.462616822429907
260,949.0418410041841,280.97489539748955,4.302780043837848,2.775117331828657,-1.3718136770752416,239.0,4.0,1.0,1.3976608187134503,4.686510657907603,3.523362819972964,1.2615662610100802,5.781222885281108,942,956,268,290,171,5.39766081871345
261,115.5,291.8,1.4317821063273812,0.7483314773532326,0.0,20.0,2.0,1.0,0.8333333333333334,2.256758334191025,1.2615662610100802,0.0,2.0342144725641096,113,118,290,294,24,4.833333333333333
262,42.9144385026738,286.15106951871655,5.69218127243813,3.3247892730307793,-0.5590286566058285,748.0,7.0,3.0,3.053061224489796,5.641895835477563,5.046265044040321,1.9544100476116797,7.653039857325812,34,55,276,295,245,7.053061224489796
263,614.7101449275362,284.6014492753623,6.772456980134228,1.6636644503075608,0.24471721431885235,138.0,3.0,1.0,1.5333333333333334,3.656366395715726,3.0382538898732494,1.1283791670955126,4.820437914901168,605,627,280,291,90,4.533333333333333
264,658.3569682151589,285.2750611246944,9.88655159429756,5.190310271349329,0.6840052011341574,1636.0,10.0,3.0,3.4442105263157896,6.206085419025319,6.432750982580687,2.393653682408596,10.71960208740737,634,671,268,308,475,6.444210526315789
265,282.56736554238836,287.72452142206015,8.921946003729195,7.146404446762848,-0.4846688373302218,5485.0,23.0,3.0,5.055299539170507,6.180387232371033,8.018640596081465,2.876813695875796,14.959005648344574,257,311,268,308,1085,7.055299539170507
266,221.2595744680851,293.00243161094227,18.829480153733467,14.818322591311993,0.011716054068593284,3290.0,6.0,2.0,2.2125084061869535,12.488868813069399,11.780624362746345,4.406461512053774,19.02415150778005,169,254,255,326,1487,4.212508406186954
267,150.679180887372,295.18430034129693,3.180693118708943,2.190318311346307,-1.1246533621914756,293.0,5.0,3.0,2.712962962962963,4.370193722368317,3.431831258788849,1.381976597885342,5.170882945826411,146,156,288,301,108,6.712962962962963
268,564.9986824769434,289.4176548089592,3.626770143422283,2.499571688748883,-0.7811630174122592,759.0,12.0,4.0,4.3125,4.1073621666150775,3.7846987830302403,1.381976597885342,6.076507779746499,558,573,282,297,176,6.3125
269,908.03125,296.8125,2.0443882124113366,1.2002474846687163,-0.7962737660531071,32.0,2.0,1.0,0.7111111111111111,2.985410660720923,1.8712051592547776,0.5641895835477563,2.763953195770684,904,911,292,301,45,4.711111111111111
270,885.4804913294797,304.16112716763007,7.038226110617131,4.134991878002831,0.8161961752817929,1384.0,9.0,3.0,3.512690355329949,6.383076486422923,6.023896332520351,2.326213245840639,9.657370069115643,873,898,288,317,394,5.5126903553299496
271,750.0361173814898,297.03160270880363,10.027976078320185,1.8806156904852072,-0.6347407558068402,443.0,5.0,2.0,2.050925925925926,4.720348719413148,4.370193722368317,1.5957691216057308,7.269074295019226,734,765,288,310,216,6.050925925925926
272,773.6310344827587,307.2586206896552,3.3016266871533437,1.8972847125659347,0.32796746778053343,290.0,5.0,3.0,2.7358490566037736,4.442433223290478,3.2410224072142872,1.2615662610100802,4.918490759365935,767,781,303,312,106,4.735849056603773
273,38.271794871794874,311.0,2.9205226898222976,2.1877884622686827,1.0027630857646357,195.0,6.0,1.0,1.7256637168141593,2.7057581899030048,3.0901936161855166,0.9772050238058398,5.140011726956917,33,44,304,316,113,6.725663716814159
274,64.78217821782178,300.24257425742576,2.827597932306093,2.3927252260367484,-1.2790436003743235,202.0,4.0,2.0,2.0,4.787307364817192,3.2897623212397704,1.2615662610100802,4.950743503369154,60,70,294,306,101,7.0
275,994.5384615384615,300.4585798816568,2.6531488381957735,2.2836380571206476,-0.10864382501690442,338.0,6.0,3.0,3.3465346534653464,4.3336224206596095,3.0901936161855166,1.2615662610100802,5.014626706796775,989,1000,296,305,101,6.346534653465347
276,960.3521126760563,302.5492957746479,2.1748851897365493,1.4531933321457993,0.5551329362282683,71.0,3.0,1.0,0.9342105263157895,2.4592453796829674,2.1850968611841584,0.7978845608028654,3.523362819972964,956,965,298,309,76,4.934210526315789
277,588.6115702479339,301.7603305785124,3.3202150375548882,1.6436962304494451,0.5113514514616277,121.0,3.0,2.0,1.423529411764706,3.826519928662906,2.6462837142006137,1.1283791670955126,3.826519928662906,584,595,298,309,85,6.423529411764706
278,1022.4333333333333,306.6333333333333,1.4491067972073215,0.6667337811563651,-1.545951204140512,30.0,4.0,2.0,1.6666666666666667,1.7841241161527712,1.1283791670955126,0.0,1.8712051592547776,1021,1023,304,310,18,5.666666666666667
279,217.97014925373134,317.43283582089555,2.899735340018817,1.9084294624352902,0.30842418015512346,134.0,5.0,1.5,1.7179487179487178,2.5854414729132054,2.393653682408596,0.7978845608028654,3.989422804014327,211,223,312,321,78,7.717948717948718
280,523.4347826086956,315.45217391304345,5.280227494228539,1.728169554761422,0.31395407941053466,230.0,3.0,2.0,1.9008264462809918,5.292567428401227,3.826519928662906,1.4927053303604616,5.527906391541368,513,533,312,320,121,4.900826446280992
281,249.72062084257206,320.33259423503324,3.548361840358158,2.714184605832041,-0.2716971963516942,451.0,7.0,2.0,2.7333333333333334,3.8678889139475245,3.826519928662906,1.381976597885342,6.180387232371033,240,257,314,327,165,4.733333333333333
282,485.30613305613304,323.77442827442826,15.42610701979504,6.550997648250294,0.45248334544432006,3848.0,12.0,3.0,3.3992932862190814,7.312732791431452,9.72306722164286,3.431831258788849,16.205112036071434,439,511,307,349,1132,5.3992932862190814
283,950.8789411416741,352.5947648624667,17.353940705441698,12.887950054874777,-0.35923896001705824,33810.0,63.0,3.0,8.700463201235204,10.171072362820547,11.340070282773887,4.259537945889915,25.237632263224796,922,1023,294,392,3886,10.700463201235204
284,29.426508947528056,244.08862602365787,43.55808377805116,21.31200177498657,0.6008555085611027,32970.0,31.0,4.0,6.2704450361354125,12.666024736934256,17.343668655843324,6.128667601500942,34.34149280842265,0,161,179,322,5258,7.2704450361354125
285,415.10483870967744,318.0806451612903,2.5383139028838415,1.7271410250533443,-1.113193831469464,124.0,5.0,1.0,1.0973451327433628,2.111004122822376,2.5854414729132054,0.7978845608028654,4.259537945889915,409,421,312,326,113,4.097345132743363
286,461.1374045801527,315.14503816793894,4.152000671998722,1.5419023576438153,0.42895944186201534,131.0,3.0,1.0,1.4886363636363635,3.6125759969217834,2.985410660720923,1.1283791670955126,4.61809077155419,455,469,310,321,88,7.488636363636363
287,837.1204481792718,317.03921568627453,3.502728326177236,2.6993105064825005,1.4577915817058051,357.0,5.0,2.0,2.2884615384615383,4.478115991081385,3.9088200952233594,1.4927053303604616,6.128667601500942,830,843,308,324,156,4.288461538461538
288,134.5072463768116,316.30434782608694,2.2641235013950314,1.9823257517018849,-1.2731195155521946,138.0,4.0,1.0,1.4526315789473685,3.6996385101659595,2.6462837142006137,0.9772050238058398,4.259537945889915,129,139,312,322,95,4.4526315789473685
289,546.5230769230769,325.83076923076925,1.8628749728344054,1.5678703854749014,1.1210885824058143,65.0,3.0,1.0,1.4772727272727273,2.5231325220201604,2.111004122822376,0.7978845608028654,3.3377905890622728,544,550,323,329,44,6.4772727272727275
290,914.8271604938271,324.380658436214,4.178544217094048,2.9447543612382066,0.06880881782918992,486.0,6.0,2.0,2.5445026178010473,4.982787485166879,4.029119531035698,1.5957691216057308,6.6755811781245455,899,923,317,331,191,5.544502617801047
291,366.69398907103823,321.1967213114754,2.669592143804119,1.7361335969395078,-0.8695409877224128,183.0,5.0,2.0,1.83,3.1915382432114616,2.7057581899030048,1.1283791670955126,4.3336224206596095,361,372,316,326,100,4.83
292,983.560975609756,323.0731707317073,1.9762078465188915,1.6730048417973036,-1.3980185365107227,41.0,1.0,1.0,0.6029411764705882,3.6125759969217834,2.5231325220201604,1.1283791670955126,3.385137501286538,979,988,320,327,68,5.602941176470588
293,632.5866666666667,329.8666666666667,1.9207544036947646,1.833597638090324,1.5354522638462351,75.0,3.0,1.0,1.2096774193548387,2.6462837142006137,2.326213245840639,0.7978845608028654,3.656366395715726,629,636,326,334,62,8.209677419354838
294,572.4097311139565,326.7029449423816,5.771530841798649,2.8938575641371194,-0.23689840040204346,781.0,7.0,3.0,3.6666666666666665,5.725898905580716,4.918490759365935,1.9544100476116797,7.399277020331919,563,584,321,335,213,5.666666666666667
295,120.40425531914893,331.06382978723406,2.69815826912267,1.6543405069905428,-0.20494050810331416,141.0,5.0,1.0,1.1015625,2.5231325220201604,2.5854414729132054,0.9772050238058398,4.222008245644752,113,127,325,338,128,4.1015625
296,156.76106194690266,329.6991150442478,2.8845352240703215,2.1163024467578997,0.6563824973933845,113.0,4.0,1.0,1.2282608695652173,3.0382538898732494,2.7057581899030048,0.9772050238058398,4.478115991081385,152,163,325,335,92,5.228260869565218
297,794.3878453038674,342.3624309392265,5.622845516616994,3.7480240773529405,0.5222213192075513,905.0,7.0,2.0,2.8821656050955413,5.585191925620057,5.108953969950291,1.9544100476116797,8.481629223064205,779,804,331,353,314,4.882165605095541
298,32.01123595505618,346.71535580524346,3.693739395178701,2.309776138467466,1.5257237837439392,267.0,5.0,2.0,2.0381679389312977,3.742410318509555,3.431831258788849,1.2615662610100802,5.698035485213008,27,38,335,355,131,4.038167938931298
299,657.6935483870968,340.5806451612903,3.402451663113469,1.3708968086218862,-1.0738376903237459,62.0,2.0,1.0,1.0,3.9088200952233594,2.256758334191025,0.9772050238058398,3.6125759969217834,654,662,336,347,62,5.0
300,716.69718560741,328.37833986462414,9.41040129113929,8.621707601012234,0.15298969225991932,2807.0,9.0,3.0,3.553164556962025,8.500373177909337,8.387281135541944,3.2897623212397704,13.85427231466257,697,743,307,346,790,6.553164556962026
301,10.805167597765363,342.50418994413405,11.508481979055139,4.287596696159161,1.3538237385623444,1432.0,6.0,3.0,2.6816479400749063,9.389986074159536,7.442171739215616,2.9316150714175193,11.410028196686037,0,20,321,363,534,4.681647940074907
302,528.5463258785943,338.88338658146967,4.055418353375498,3.0381456869994317,0.9433412450984774,626.0,7.0,3.0,3.2268041237113403,5.077706251929807,4.3336224206596095,1.692568750643269,6.770275002573076,521,537,328,347,194,6.22680412371134
303,334.93939393939394,342.030303030303,1.700348039192608,1.0932219666261924,-1.482080228285339,33.0,2.0,1.0,0.868421052631579,2.876813695875796,1.692568750643269,0.5641895835477563,2.6462837142006137,332,338,338,346,38,4.868421052631579
304,440.71875,343.4375,2.2963194657128345,1.6292101661725047,-1.2144742759801646,96.0,3.0,2.0,1.6551724137931034,3.2410224072142872,2.4592453796829674,0.9772050238058398,3.742410318509555,437,444,339,348,58,6.655172413793103
305,75.05494505494505,342.1291208791209,6.383327682205571,2.4784626687619373,-0.7958003306889119,364.0,4.0,2.0,1.82,5.890312181373172,4.442433223290478,1.692568750643269,7.158763278359629,65,85,333,354,200,3.82
306,132.8901098901099,351.2802197802198,2.847135930007293,1.4396002236040395,-1.2570191351703888,182.0,6.0,2.0,2.3333333333333335,3.2410224072142872,2.4592453796829674,0.9772050238058398,4.068428945128219,129,136,345,358,78,5.333333333333333
307,888.2727272727273,341.30194805194805,3.274823183698483,2.380162836737876,-0.005367388632815509,308.0,5.0,2.0,2.0397350993377485,4.1073621666150775,3.523362819972964,1.381976597885342,5.585191925620057,882,896,336,347,151,6.039735099337748
308,375.7980922098569,352.60413354531,5.075715486016357,3.6754093254398583,-1.2673039536201296,629.0,5.0,2.0,2.382575757575758,5.970821321441846,5.077706251929807,1.9544100476116797,7.898654169668588,368,386,341,363,264,4.382575757575758
309,508.5068493150685,348.83561643835617,2.172312708558384,1.1213444097557124,-0.9797787472813488,73.0,5.0,2.0,2.0277777777777777,1.7841241161527712,1.692568750643269,0.5641895835477563,2.8209479177387813,506,512,344,352,36,4.027777777777778
310,745.2080745341615,346.860248447205,5.315986173521178,2.2569037558110936,0.5691654306358529,322.0,5.0,2.0,2.175675675675676,4.145929793656026,3.6125759969217834,1.381976597885342,5.917270272703197,733,752,340,354,148,5.175675675675675
311,686.6035856573706,353.5865110984633,10.652202679694545,5.276731462834908,0.7287935511467836,3514.0,16.0,4.0,5.292168674698795,6.6755811781245455,7.442171739215616,2.763953195770684,12.628271971179554,666,706,332,368,664,7.292168674698795
312,100.86846846846846,355.3621621621622,6.38432079057415,3.2410798632802846,0.7942366436314277,555.0,5.0,2.0,2.1264367816091956,4.950743503369154,5.077706251929807,1.9544100476116797,8.03846421247924,90,110,344,367,261,4.126436781609195
313,159.85484949832775,353.76254180602007,13.078952267913529,8.546117701181775,-0.9066956567000577,1495.0,6.0,2.0,2.5775862068965516,8.740387444736633,8.19532708223289,3.0382538898732494,12.552425807826008,128,175,325,374,580,3.5775862068965516
314,719.123076923077,351.4553846153846,4.17249693401728,1.692987831369625,-0.7028862170418217,325.0,6.0,2.5,2.9017857142857144,4.222008245644752,3.141274657157109,1.2615662610100802,5.014626706796775,712,726,345,358,112,6.901785714285714
315,427.1272158498436,351.400417101147,8.760209552320482,7.064785870910167,-0.9154397385117404,1918.0,9.0,2.0,2.693820224719101,6.358093703724522,7.203090409536582,2.6462837142006137,12.678584010953838,402,447,336,382,712,4.693820224719101
316,580.8301886792453,359.5,1.9679028201178843,1.9400043673863556,-1.5707963265279492,106.0,3.0,1.0,1.2325581395348837,3.1915382432114616,2.5231325220201604,0.9772050238058398,4.029119531035698,577,586,354,365,86,4.232558139534884
317,54.554455445544555,358.3267326732673,4.404929543270818,1.789475514821229,0.6761371958396922,101.0,3.0,1.0,1.5538461538461539,3.141274657157109,2.5854414729132054,0.9772050238058398,4.068428945128219,49,61,352,363,65,3.5538461538461537
318,318.8757396449704,362.2189349112426,2.2220889106712622,1.9863769289862434,0.021466346205976948,169.0,6.0,2.0,2.2533333333333334,3.0901936161855166,2.5231325220201604,0.7978845608028654,4.145929793656026,314,323,358,367,75,4.253333333333333
319,142.43333333333334,366.7911111111111,3.723360788322096,2.3787613221310853,-0.5332358718598197,450.0,6.0,3.0,2.903225806451613,5.262410103554244,3.826519928662906,1.4927053303604616,5.970821321441846,135,150,361,373,155,5.903225806451613
320,408.2875,357.4125,2.165607402116002,1.839111763830157,-0.5085685910330228,80.0,3.0,1.0,1.3793103448275863,2.8209479177387813,2.393653682408596,0.7978845608028654,3.6996385101659595,405,413,353,361,58,5.379310344827586
321,687.8929111372418,280.43482277843106,35.5045724572347,15.78208742242382,1.0110997461821747,11906.0,10.0,3.0,3.612257281553398,15.756957549709801,17.625846048215095,6.432750982580687,29.136445672939754,632,759,205,387,3296,4.612257281553398
322,1003.1217755054613,349.3818266325819,11.190987327504002,5.306761813324126,-0.4902982420438879,4303.0,16.0,4.0,4.80782122905028,7.269074295019226,8.117274569709014,2.9316150714175193,14.127289146798006,972,1023,333,371,895,9.80782122905028
323,234.16301703163018,361.4744525547445,3.648282026559439,2.993165505044271,0.13483942228043747,411.0,4.0,2.0,2.283333333333333,6.257165172872317,4.296739856991561,1.7841241161527712,6.555290583552474,226,243,355,368,180,4.283333333333333
324,205.02250803858522,358.8617363344051,7.261744190866171,3.0944178983995463,0.7867471540208573,933.0,7.0,2.0,2.752212389380531,5.890312181373172,5.440847306724618,2.111004122822376,8.758577656805558,194,216,342,369,339,4.752212389380531
325,669.5222222222222,364.31111111111113,2.5008159844541997,1.5379538770441774,-0.818041321529092,90.0,3.0,2.0,1.8,3.141274657157109,2.326213245840639,0.7978845608028654,3.523362819972964,666,673,360,367,50,3.8
326,294.8923844651768,349.101757431113,13.221625873630346,9.515277577827504,-0.26962309880910323,18436.0,38.0,5.0,9.055009823182711,9.474354220939228,11.18462271470208,4.1073621666150775,20.521305499922637,263,351,327,391,2036,10.055009823182711
327,457.4552906110283,383.8301043219076,11.610648231143543,3.9204917317505563,-1.4979983443672116,1342.0,7.0,2.0,2.157556270096463,6.231677632421503,7.046725639945928,2.5854414729132054,11.423968370726268,448,467,363,412,622,5.157556270096463
328,334.524115755627,375.64308681672026,4.808890897824754,2.0995655039676477,1.1761208503838285,311.0,4.0,2.0,2.1013513513513513,5.613615477764332,3.8678889139475245,1.4927053303604616,6.050259243299904,329,339,367,390,148,5.101351351351352
329,396.05058365758754,371.63813229571986,4.9953211172755765,1.8886387932864686,-0.3072182521031976,257.0,4.0,2.0,2.1596638655462184,5.108953969950291,3.431831258788849,1.381976597885342,5.4115163798060095,386,404,368,379,119,4.159663865546219
330,707.6849015317287,378.09628008752736,3.714280164668166,2.777556835776191,1.4173149430711656,457.0,5.0,3.0,2.8385093167701863,5.556622981616415,4.068428945128219,1.692568750643269,6.231677632421503,702,714,369,385,161,5.838509316770186
331,752.6549520766773,366.8785942492013,3.8588038853986997,3.3105680339454358,1.47064550378806,626.0,6.0,3.0,3.193877551020408,6.432750982580687,4.61809077155419,1.7841241161527712,7.091753098990329,746,760,359,375,196,5.1938775510204085
332,432.0205128205128,376.1794871794872,2.570159294854185,1.7548770594119951,-0.9736431693230203,195.0,6.0,2.0,1.9696969696969697,3.2897623212397704,2.6462837142006137,0.9772050238058398,4.370193722368317,427,437,370,381,99,5.96969696969697
333,876.0568914956011,381.0735092864125,14.131905201759738,8.135369194108957,0.9204114681204134,5115.0,14.0,3.0,4.03391167192429,8.83096382707056,9.440697438826296,3.6125759969217834,17.242431200258867,837,901,343,405,1268,6.03391167192429
334,83.5,380.8787878787879,1.8382728349197925,1.6353111093128543,-0.0,66.0,3.0,1.5,1.5,2.6462837142006137,2.111004122822376,0.7978845608028654,3.2410224072142872,80,87,376,383,44,4.5
335,732.4063829787234,380.1489361702128,4.687511754838639,2.3591177068927154,1.4210529554936135,470.0,6.0,3.0,3.219178082191781,5.753627391751592,4.068428945128219,1.4927053303604616,6.180387232371033,727,738,373,391,146,4.219178082191781
336,852.2433497536946,370.4167487684729,4.808056536404533,3.0871478554493854,1.3254736338491293,1015.0,11.0,2.0,3.2954545454545454,4.720348719413148,4.145929793656026,1.692568750643269,7.247146419131151,844,863,352,380,308,8.295454545454545
337,197.14285714285714,379.23809523809524,2.3947215581590684,1.2962540820683277,1.3357209423202592,63.0,2.0,2.0,1.4318181818181819,3.477898169151024,2.1850968611841584,0.9772050238058398,3.141274657157109,194,200,376,383,44,4.431818181818182
338,962.6836734693877,381.14285714285717,2.286129380536462,1.5551359878418136,1.481549498856026,98.0,3.0,2.0,1.719298245614035,3.2897623212397704,2.326213245840639,0.9772050238058398,3.6125759969217834,959,966,377,387,57,5.719298245614035
339,23.281094527363184,378.7213930348259,3.0185853204761997,2.5052510469122686,-1.351035787086455,402.0,6.0,3.0,3.1904761904761907,4.982787485166879,3.431831258788849,1.381976597885342,5.292567428401227,17,28,371,384,126,6.190476190476191
340,663.8088888888889,391.5511111111111,2.993418667533367,1.9622203949729486,0.9916111307929817,225.0,6.0,2.0,2.1226415094339623,3.431831258788849,2.9316150714175193,1.1283791670955126,4.787307364817192,658,668,384,398,106,7.122641509433962
341,621.9450282942603,343.41778496362167,32.79910907034634,13.732758459496615,0.8736538542552269,6185.0,9.0,2.0,2.5547294506402314,9.423823971471327,14.766254502611575,5.140011726956917,23.889948219440257,580,685,285,409,2421,4.554729450640231
342,254.36475409836066,391.9590163934426,4.5121695779861515,2.335020728539628,0.538043516183435,244.0,4.0,2.0,1.7553956834532374,4.950743503369154,3.826519928662906,1.381976597885342,5.997417539138688,246,263,385,399,139,3.7553956834532376
343,825.5469387755102,376.9183673469388,6.016285964097728,2.6163784243651285,-0.7167381141318516,490.0,6.0,2.0,2.45,4.583497844237541,4.145929793656026,1.5957691216057308,6.840435166640879,812,833,369,386,200,4.45
344,755.5,390.8703703703704,2.1606437337733806,2.088327347693375,-0.0,108.0,3.0,1.0,1.2134831460674158,3.477898169151024,2.763953195770684,0.9772050238058398,4.1841419359420025,752,761,386,396,89,5.213483146067416
345,188.97727272727272,384.15909090909093,2.0288037352572643,1.29472420834918,-1.2415931186301554,44.0,2.0,1.0,0.7857142857142857,3.3377905890622728,1.9544100476116797,0.7978845608028654,3.0901936161855166,185,191,380,390,56,4.785714285714286
346,295.7705882352941,388.22549019607845,2.633327387503818,2.322387528586882,-0.616065193181808,510.0,11.0,4.0,4.473684210526316,3.385137501286538,3.141274657157109,1.1283791670955126,5.046265044040321,290,301,383,394,114,7.473684210526316
347,909.7070895522388,393.5485074626866,4.3302250355487475,2.4734775497948807,-1.0037363037449427,536.0,7.0,2.0,2.7916666666666665,4.3336224206596095,4.1073621666150775,1.5957691216057308,6.6755811781245455,902,917,385,403,192,4.791666666666667
348,53.38062098501071,406.3485010706638,8.352103344892994,4.9313950161647915,1.1229921965758172,1868.0,8.0,3.0,3.0622950819672132,8.058239062071396,7.269074295019226,2.7057581899030048,11.954962939989485,38,64,389,423,610,6.062295081967213
349,636.5585585585585,401.1171171171171,3.2150235754753513,1.8046712292362699,-1.0510218782976977,222.0,5.0,2.0,2.0555555555555554,3.431831258788849,3.0382538898732494,1.1283791670955126,4.787307364817192,632,643,394,407,108,7.055555555555555
350,96.8,398.8375,2.2944466468240785,1.4938568655991615,0.47302456899042794,80.0,3.0,1.0,1.3793103448275863,2.8209479177387813,2.256758334191025,0.7978845608028654,3.5682482323055424,92,101,395,403,58,6.379310344827586
351,614.7319587628866,389.92783505154637,3.691765814408939,1.2701964083965236,-0.8036188223417163,194.0,6.0,2.0,2.3095238095238093,3.385137501286538,2.6462837142006137,0.9772050238058398,4.145929793656026,608,620,384,395,84,7.309523809523809
352,954.5794520547945,403.2780821917808,4.873860897002332,2.7437703946472376,1.362978285837323,730.0,8.0,3.0,2.967479674796748,5.322553886092406,4.478115991081385,1.692568750643269,7.1809610472257885,945,960,393,415,246,5.967479674796748
353,1021.5813953488372,389.01395348837207,3.101687462707468,1.2811399737093168,-1.5048853370807236,215.0,7.0,2.0,2.5595238095238093,2.985410660720923,2.393653682408596,0.9772050238058398,3.826519928662906,1017,1023,381,396,84,5.559523809523809
354,533.5389440669106,384.1620491374804,12.459428799428759,5.845637288295645,-0.2848714767950369,1913.0,8.0,2.0,2.154279279279279,7.918778161951929,8.19532708223289,2.985410660720923,13.599192765483634,503,555,368,399,888,5.1542792792792795
355,636.703488372093,383.7994186046512,9.1990227366842,4.886782438554733,0.16566263493483668,344.0,4.0,1.0,1.2374100719424461,5.4700209598571305,4.296739856991561,1.692568750643269,7.136496464611085,606,651,368,397,278,5.237410071942446
356,364.3920704845815,390.73568281938327,2.6268459574290595,2.168937830286583,-1.389355820482772,227.0,6.0,2.0,1.956896551724138,3.385137501286538,2.876813695875796,0.9772050238058398,4.820437914901168,360,370,384,398,116,4.956896551724138
357,174.02523659305993,397.9716088328076,4.3304267879479,2.1825010991826654,-0.1336782376775874,317.0,9.0,2.0,2.3834586466165413,2.1850968611841584,3.1915382432114616,0.9772050238058398,5.352372348458314,161,181,393,404,133,6.383458646616542
358,410.803738317757,399.10280373831773,3.0462480927548796,2.2934843246934613,-0.5669185217814379,214.0,4.0,2.0,1.9454545454545455,4.787307364817192,3.3377905890622728,1.2615662610100802,5.170882945826411,405,416,394,405,110,3.9454545454545453
359,203.76642335766422,406.3795620437956,2.5640417422086696,1.780075950820311,-1.120401114589114,137.0,4.0,1.0,1.5568181818181819,3.6996385101659595,2.6462837142006137,0.9772050238058398,4.259537945889915,199,208,400,412,88,8.556818181818182
360,527.9882629107981,409.4154929577465,3.617950312369261,2.025798746961977,-0.8755584630165849,426.0,8.0,3.5,3.380952380952381,4.478115991081385,3.431831258788849,1.2615662610100802,5.322553886092406,522,534,403,416,126,7.380952380952381
361,1017.6771653543307,409.4173228346457,3.7417482556160433,3.0229558828235104,0.022857544637279237,381.0,5.0,2.0,2.1284916201117317,4.753945931439391,4.1073621666150775,1.5957691216057308,6.358093703724522,1009,1023,403,419,179,6.128491620111732
362,234.6164383561644,404.63013698630135,1.6960941116714123,1.3662883447937388,-0.10044678897200934,73.0,3.0,2.0,1.697674418604651,2.876813695875796,1.9544100476116797,0.7978845608028654,2.9316150714175193,231,238,402,408,43,11.69767441860465
363,391.46875,408.953125,1.7295170112613418,1.3883342823803768,0.6887483532952909,64.0,4.0,1.0,1.4883720930232558,2.5231325220201604,1.9544100476116797,0.5641895835477563,3.0901936161855166,388,395,406,412,43,5.488372093023256
364,360.3711282671379,427.8188075527858,8.749328207100428,8.471706211632627,0.30759917164567063,10751.0,38.0,5.0,8.6008,7.54834217738561,8.117274569709014,3.0901936161855166,15.817445133157866,339,397,400,462,1250,9.6008
365,796.5714285714286,409.7536945812808,2.8401725676417446,2.0771845659093207,0.868477571771785,203.0,4.0,2.0,2.136842105263158,4.478115991081385,3.0382538898732494,1.2615662610100802,4.820437914901168,791,802,404,414,95,4.136842105263158
366,834.0719101123595,393.2651685393258,5.716602521391117,2.4338491899358288,-1.1757228824963644,445.0,6.0,1.0,1.816326530612245,4.787307364817192,3.9088200952233594,1.4927053303604616,6.863662517577698,826,844,381,410,245,5.816326530612245
367,496.75555555555553,414.8333333333333,3.235475469494871,1.5669329064275046,-0.14725356110689347,90.0,3.0,1.0,1.0465116279069768,2.5231325220201604,2.4592453796829674,0.7978845608028654,4.145929793656026,489,503,410,419,86,5.046511627906977
368,718.5954323001631,416.9853181076672,3.9081238892858896,2.763642138073079,-1.404832137351218,613.0,8.0,3.0,3.463276836158192,5.046265044040321,4.1073621666150775,1.5957691216057308,6.506551687525748,712,725,408,424,177,6.463276836158192
369,897.7388059701492,417.42537313432837,2.5964942803721662,2.0933674201747654,-1.312403051306434,134.0,3.0,1.0,1.6962025316455696,3.385137501286538,2.7057581899030048,1.1283791670955126,4.51351666838205,893,902,411,422,79,5.69620253164557
370,164.38888888888889,417.80555555555554,1.7520884278113937,1.371142523653862,1.1586027694115457,36.0,2.0,1.0,0.6792452830188679,3.0382538898732494,1.7841241161527712,0.5641895835477563,2.8209479177387813,161,168,412,421,53,4.679245283018868
371,566.5907481708756,411.00354024073636,9.794078590575216,6.011503022080134,-0.2687183932815477,4237.0,14.0,5.0,5.439024390243903,8.368283871884005,8.51907589177983,3.1915382432114616,13.715726110367628,537,585,397,435,779,7.439024390243903
372,634.6138613861386,418.2178217821782,2.025361495941491,1.2929263252414773,-0.5093777780640187,101.0,4.0,2.0,1.7118644067796611,3.0901936161855166,2.0342144725641096,0.7978845608028654,3.0382538898732494,632,646,415,421,59,5.711864406779661
373,940.223076923077,423.12307692307695,3.6596606143945016,2.3882025471502337,-0.3126522397066976,130.0,2.0,1.0,1.0743801652892562,5.527906391541368,3.1915382432114616,1.381976597885342,5.108953969950291,933,947,416,427,121,5.074380165289257
374,137.61756373937678,417.9334277620397,8.319644852339396,3.541292445693747,-1.3741815278687948,706.0,7.0,2.0,2.4178082191780823,3.989422804014327,5.232078956954491,1.8712051592547776,8.175883811466258,127,145,405,434,292,8.417808219178083
375,658.922893006575,426.7543335325762,10.066208451230898,3.8534430314072226,1.542890619879855,1673.0,8.0,3.0,3.150659133709981,7.694520051971082,6.530966601401967,2.5854414729132054,10.793582275744573,647,669,402,447,531,6.150659133709981
376,691.2518159806295,429.3914447134786,7.108324222536475,3.723066004587315,1.1697540616821378,1239.0,8.0,3.0,3.3306451612903225,6.723094811029982,5.556622981616415,2.1850968611841584,9.201653640780462,680,702,416,444,372,5.330645161290323
377,21.501983002832862,413.5467422096317,16.329952206244258,6.077440912040383,1.318380370163887,1765.0,6.0,2.0,2.2628205128205128,9.624353322664494,8.83096382707056,3.2897623212397704,13.81976597885342,0,33,382,446,780,4.262820512820513
378,805.5,427.8109756097561,5.3171081363231405,1.4304857158061184,-0.22039229855055328,164.0,3.0,1.0,1.5185185185185186,3.9088200952233594,3.3377905890622728,1.2615662610100802,5.322553886092406,793,815,424,431,108,3.5185185185185186
379,836.7857142857143,423.62857142857143,2.532644171525666,1.6437262391804737,-0.3295404325131952,70.0,2.0,1.0,1.0769230769230769,3.9088200952233594,2.326213245840639,0.9772050238058398,3.5682482323055424,832,842,419,427,65,5.076923076923077
380,235.16176470588235,426.7647058823529,2.3301147721881246,1.4815250114365468,0.6282758551525447,136.0,4.0,3.0,2.3859649122807016,3.6996385101659595,2.4592453796829674,0.9772050238058398,3.6125759969217834,231,239,423,431,57,8.385964912280702
381,218.48907103825135,429.5163934426229,3.6924938273494945,1.8351657658867546,0.30216819649355364,366.0,6.0,3.0,3.2389380530973453,4.753945931439391,3.385137501286538,1.381976597885342,5.262410103554244,210,226,425,434,113,7.238938053097345
382,3.233695652173913,439.32608695652175,3.72551116346339,2.5787279036651403,1.520360543356812,184.0,4.0,1.0,1.251700680272109,4.3336224206596095,3.385137501286538,1.2615662610100802,5.262410103554244,0,11,428,446,147,5.2517006802721085
383,210.92319312107833,415.8166395537997,25.198159678752692,14.027076353579618,-0.4570696984927767,8606.0,14.0,3.0,3.847116674117121,9.423823971471327,14.406180819073164,5.014626706796775,23.89660929533143,156,247,389,471,2237,4.847116674117121
384,456.6693548387097,438.64516129032256,2.472886194282582,1.772436916063546,-0.047663511468979174,124.0,4.0,1.0,1.4090909090909092,3.431831258788849,2.5854414729132054,0.9772050238058398,4.222008245644752,452,463,434,443,88,8.409090909090908
385,84.45657568238214,426.5682382133995,3.4824281923438063,2.470450255464591,1.2113246941972013,403.0,6.0,3.0,3.053030303030303,5.140011726956917,3.656366395715726,1.381976597885342,5.585191925620057,80,91,418,436,132,8.053030303030303
386,288.0720947819511,419.3168641290648,16.290145217719836,5.224236465596806,-1.040895223165636,3967.0,11.0,4.0,4.373759647188534,9.062226582657155,9.201653640780462,3.5682482323055424,14.916387312029334,257,304,382,447,907,5.373759647188534
387,631.46,441.41,3.2283858171782973,1.3295958090229087,0.1503130436346842,100.0,3.0,1.0,1.4492753623188406,3.0901936161855166,2.5231325220201604,0.9772050238058398,4.029119531035698,624,638,438,444,69,8.44927536231884
388,984.3579920739762,428.8295904887715,8.553736560075576,2.6289792391030358,1.2609852145905474,757.0,7.0,2.0,2.9115384615384614,5.108953969950291,4.787307364817192,1.7841241161527712,7.837972188868215,977,993,410,441,260,5.911538461538462
389,282.96153846153845,439.1923076923077,3.856149894553242,1.3989392651787917,0.9004548027193597,104.0,3.0,1.0,1.2530120481927711,3.2897623212397704,2.7057581899030048,0.9772050238058398,4.145929793656026,277,289,433,445,83,6.253012048192771
390,327.1048951048951,437.44055944055947,6.139902665884153,2.2026675657030452,0.1793320143295123,143.0,3.0,0.0,0.6190476190476191,3.0901936161855166,3.3377905890622728,1.1283791670955126,5.4115163798060095,316,337,432,446,231,3.619047619047619
391,587.030303030303,447.3030303030303,2.133634756587968,1.673111332743983,-0.21331374656893382,99.0,3.0,2.0,1.6779661016949152,3.385137501286538,2.393653682408596,0.9772050238058398,3.6125759969217834,583,591,444,451,59,7.677966101694915
392,911.1461025710788,441.8778397496939,17.752098788595525,8.500507839954125,0.9605048443092697,7351.0,21.0,4.0,4.80143696930111,6.076507779746499,11.198843474056307,3.523362819972964,19.44613444328572,887,950,407,483,1531,5.80143696930111
393,943.2303664921466,443.81413612565444,3.3130195440045527,1.9257566589559225,0.1414044431313118,382.0,8.0,2.0,3.056,3.7846987830302403,3.0901936161855166,1.2615662610100802,5.108953969950291,935,951,439,448,125,5.056
394,751.8484848484849,452.0984848484849,1.9539823610566185,1.720436830184481,-0.44526502981298766,132.0,5.0,2.0,2.2758620689655173,2.763953195770684,2.256758334191025,0.7978845608028654,3.523362819972964,747,755,448,455,58,19.275862068965516
395,176.90933694181325,443.90933694181325,6.670924291307517,3.7292396049207364,-1.0078440538858913,739.0,6.0,2.0,2.7574626865671643,5.970821321441846,5.108953969950291,1.9544100476116797,8.272643200907131,164,188,435,459,268,5.757462686567164
396,346.56962025316454,455.44303797468353,2.1738798421616585,1.6129469358480975,0.10849174493891808,79.0,3.0,1.0,0.8586956521739131,2.8209479177387813,2.393653682408596,0.7978845608028654,3.742410318509555,341,351,451,462,92,3.858695652173913
397,289.53545232273837,458.61858190709046,2.8283808918851854,2.559006189267492,-0.6088641133255066,409.0,7.0,2.0,3.0984848484848486,4.145929793656026,3.385137501286538,1.2615662610100802,5.499039842323396,284,295,453,464,132,5.098484848484849
398,871.4440433212997,443.0655836341757,7.243757470325408,3.328906178749901,-1.567723214038345,1662.0,10.0,4.0,4.239795918367347,7.506054213402069,6.257165172872317,2.4592453796829674,9.607802401865856,864,879,427,460,392,7.239795918367347
399,54.83392539964476,455.84280639431614,11.21439542887983,3.99292893839959,-1.1726088128807959,1126.0,5.0,2.0,2.7463414634146344,7.958873497585845,6.863662517577698,2.763953195770684,10.524820207108489,45,70,434,474,410,4.746341463414634
400,28.065727699530516,472.2018779342723,6.462704825346608,2.627461032686793,-1.449928553976468,639.0,7.0,2.0,2.6848739495798317,4.51351666838205,4.442433223290478,1.692568750643269,7.420755373261929,22,34,456,482,238,4.684873949579832
401,685.575,464.43333333333334,2.7173702026720084,1.280298039704552,-0.46886485720456106,120.0,4.0,2.0,2.142857142857143,3.431831258788849,2.326213245840639,0.7978845608028654,3.656366395715726,681,691,461,468,56,8.142857142857142
402,218.76729559748426,465.2327044025157,2.2967909135990907,2.2262235877905665,-0.9251437981738141,159.0,4.0,2.0,2.409090909090909,4.442433223290478,2.7057581899030048,0.9772050238058398,4.1841419359420025,214,224,462,470,66,5.409090909090909
403,657.0671140939597,467.2953020134228,1.9503030443306513,1.6498666973262104,0.5027745503344534,149.0,5.0,3.0,3.0408163265306123,3.2410224072142872,2.326213245840639,0.7978845608028654,3.477898169151024,653,661,464,471,49,10.040816326530612
404,679.9386637458927,486.02081051478643,14.971035498326158,2.7836837855399406,0.8150525583147034,913.0,6.0,2.0,2.4945355191256833,7.203090409536582,6.023896332520351,2.256758334191025,9.304852983362556,651,696,462,506,366,7.494535519125683
405,272.91664920002796,486.86355061831904,18.561508086946027,11.063589005480726,0.047168766148129274,14313.0,26.0,4.0,5.167148014440433,8.444016491289505,13.255453865237978,4.478115991081385,24.253590861306396,212,313,455,515,2770,7.167148014440433
406,888.0167597765363,460.5027932960894,2.763388868219218,2.2408066626417136,-1.3321726170082633,179.0,4.0,2.0,1.967032967032967,4.478115991081385,3.141274657157109,1.1283791670955126,4.787307364817192,883,892,455,467,91,4.967032967032967
407,2.146788990825688,471.89908256880733,3.9395311021977144,1.99511239052554,1.4920687947483897,109.0,3.0,1.0,1.09,2.4592453796829674,3.0382538898732494,0.9772050238058398,4.820437914901168,0,8,460,480,100,4.09
408,269.97206703910615,462.43575418994413,2.9019400584572215,2.165584888751133,1.247551971201295,179.0,4.0,2.0,1.5565217391304347,4.296739856991561,3.1915382432114616,1.2615662610100802,4.982787485166879,264,275,456,469,115,5.556521739130435
409,702.2994350282486,465.3333333333333,2.2000440953480784,1.840763988764653,0.24882759628241116,177.0,6.0,2.0,2.2125,3.2897623212397704,2.5231325220201604,0.9772050238058398,3.949327084834294,697,708,461,469,80,10.2125
410,104.38640547904853,449.63819132483985,19.277374385053108,16.380658768992845,0.7151910871717853,27158.0,28.0,4.0,6.585354025218234,14.406180819073164,15.07558485549488,5.836022431559495,29.88075017039453,35,152,387,496,4124,7.585354025218234
411,388.17066666666665,468.984,2.8107320727382765,2.587354267241997,-1.0955263341929873,375.0,6.0,3.0,3.0737704918032787,4.982787485166879,3.431831258788849,1.381976597885342,5.322553886092406,383,394,464,475,122,6.073770491803279
412,802.1011235955057,475.7752808988764,2.359084075718086,1.749111467591286,-1.1709009342886993,89.0,2.0,1.0,1.1866666666666668,4.1841419359420025,2.6462837142006137,1.1283791670955126,3.826519928662906,798,806,472,481,75,8.186666666666667
413,632.0769230769231,476.32307692307694,2.66612911421635,1.6677708740491317,-0.7811313085487932,65.0,2.0,1.0,0.8666666666666667,4.029119531035698,2.393653682408596,0.9772050238058398,3.742410318509555,625,636,472,479,75,6.866666666666666
414,935.1493411420205,474.7467057101025,4.8409888572580355,2.6536871922966627,-0.49957039764953426,683.0,9.0,3.0,3.5025641025641026,4.1073621666150775,4.1841419359420025,1.5957691216057308,6.770275002573076,924,943,466,480,195,7.5025641025641026
415,73.34981458590853,479.2360939431397,4.846618544942757,2.6113596265004175,-0.3358868334893499,809.0,8.0,3.0,3.5955555555555554,5.556622981616415,4.3336224206596095,1.7841241161527712,6.978639737521917,64,87,473,486,225,7.595555555555555
416,247.81621621621622,483.7891891891892,2.759202851230085,2.050824040702548,1.3843330194162164,185.0,4.0,2.0,1.7289719626168225,4.259537945889915,2.985410660720923,1.1283791670955126,4.720348719413148,244,253,476,490,107,10.728971962616823
417,819.5925127928898,459.9956908160517,22.912231699376008,6.212405398900251,-0.5974609043737964,3713.0,9.0,3.0,3.6617357001972386,8.685588237163813,10.479356408358663,3.8678889139475245,16.205112036071434,767,849,438,490,1014,5.661735700197239
418,186.7136752136752,485.7008547008547,7.725048756673707,1.6519912199208935,-0.9759025123922886,234.0,4.0,2.0,1.872,5.352372348458314,3.9088200952233594,1.4927053303604616,5.641895835477563,177,196,475,496,125,4.872
419,408.90410958904107,481.1575342465753,2.8440860832637953,1.537356078182288,0.6477154519652024,146.0,4.0,2.0,1.825,3.8678889139475245,2.7057581899030048,1.1283791670955126,4.145929793656026,402,414,477,486,80,6.825
420,130.84722222222223,482.55555555555554,1.815248247013029,1.4426448316808393,0.21366226104832708,72.0,3.0,2.0,1.565217391304348,2.763953195770684,2.0342144725641096,0.7978845608028654,3.1915382432114616,126,134,480,486,46,6.565217391304348
421,391.26881720430106,484.6989247311828,2.7048489354874157,1.6734554436407747,0.38120165188356075,186.0,10.0,2.0,2.9523809523809526,1.8712051592547776,2.256758334191025,0.5641895835477563,3.8678889139475245,385,396,481,488,63,6.9523809523809526
422,621.0942784340978,455.1047023395877,14.754293330653988,8.64523752221131,-1.3574960397905393,4317.0,14.0,4.0,4.0803402646502835,5.970821321441846,10.186708148166206,3.5682482323055424,16.273715780512877,604,644,428,495,1058,5.0803402646502835
423,863.8869778869779,481.54299754299757,4.613248348901073,2.8860419713707928,1.558469514853856,407.0,6.0,2.0,2.248618784530387,4.686510657907603,3.9088200952233594,1.4927053303604616,6.407961869245868,858,873,468,489,181,6.248618784530387
424,1020.4925690021231,489.687898089172,3.7704953622910247,1.9683319779090622,-1.404852298265788,471.0,10.0,3.0,3.2708333333333335,3.742410318509555,3.2897623212397704,1.2615662610100802,5.292567428401227,1015,1023,480,498,144,6.270833333333333
425,357.3491196114147,475.1845780206436,6.435797898415276,3.445140970468563,0.03891085672477538,1647.0,11.0,4.0,4.159090909090909,5.970821321441846,5.781222885281108,2.256758334191025,9.440697438826296,342,371,466,484,396,6.159090909090909
426,838.1162790697674,478.16279069767444,4.036135564834388,1.9277187805675269,-0.9113578020558183,258.0,5.0,2.0,1.8297872340425532,3.742410318509555,3.385137501286538,1.2615662610100802,5.4700209598571305,832,846,472,487,141,4.829787234042553
427,780.1772639691715,480.626204238921,4.279809204281837,2.4213140570762834,-0.6744742916418868,519.0,7.0,2.0,2.8833333333333333,4.296739856991561,3.989422804014327,1.5957691216057308,6.4820448144285745,773,789,472,488,180,7.883333333333334
428,618.0,487.8541666666667,2.3968820087255285,1.1476160544527771,-0.9358114736171892,96.0,5.0,2.0,2.0869565217391304,2.326213245840639,2.0342144725641096,0.7978845608028654,3.2897623212397704,615,621,484,493,46,6.086956521739131
429,725.8875576036867,493.7488479262673,10.415976706421892,3.9099193039416598,-0.6912822032153046,2170.0,10.0,3.0,3.2829046898638428,6.358093703724522,7.632215220473915,2.7057581899030048,12.514330345744634,710,746,473,510,661,5.282904689863843
430,323.79363336992316,486.7299670691548,4.449180653886416,2.994935358510194,-0.32545402052547423,911.0,9.0,3.0,3.748971193415638,5.014626706796775,4.583497844237541,1.7841241161527712,7.442171739215616,315,335,480,494,243,5.748971193415638
431,853.1122546673049,514.1620392532312,22.702570173391376,8.63934151612398,-1.383617285904934,4178.0,8.0,2.0,2.761401189689359,11.631066229203196,11.11324596323283,4.296739856991561,18.558321498747173,830,880,425,566,1513,4.761401189689359
432,663.6182495344507,498.7728119180633,6.044352874935238,2.459412773073475,0.4984985437256661,537.0,6.0,2.0,2.2375,5.170882945826411,4.61809077155419,1.692568750643269,7.2909362219603215,653,676,492,508,240,8.2375
433,342.7843137254902,502.47058823529414,2.669704878182528,1.986917024452574,-1.5286658709421017,204.0,6.0,1.0,1.7,3.2410224072142872,2.876813695875796,0.9772050238058398,4.787307364817192,337,348,496,508,120,4.7
434,751.62421185372,501.08070617906685,6.8421334191356715,4.046501717219794,-0.056915846370086356,793.0,7.0,2.0,2.679054054054054,4.686510657907603,5.108953969950291,1.8712051592547776,8.311031542587394,737,767,491,512,296,5.679054054054054
435,936.9613152804642,512.2882011605416,3.4537345282436767,2.604252748566657,-1.4348567704512234,517.0,8.0,2.0,3.059171597633136,4.583497844237541,3.6996385101659595,1.4927053303604616,5.997417539138688,931,943,502,519,169,8.059171597633137
436,93.65586206896552,495.6427586206897,6.657968105363211,2.9438237115074624,-0.34949052126347163,1450.0,12.0,3.0,3.9726027397260273,5.4115163798060095,5.322553886092406,2.0342144725641096,9.201653640780462,77,107,488,505,365,5.972602739726027
437,402.2108194112967,506.52346857597456,5.433836958434576,3.8392287339961015,-1.3292701463851182,1257.0,7.0,3.0,3.5508474576271185,7.247146419131151,5.698035485213008,2.326213245840639,9.079772052293041,393,414,496,518,354,10.55084745762712
438,986.4751605272052,505.38391348428524,7.274835003393695,3.6820205543547,-0.37882490036244537,2959.0,14.0,6.0,6.282377919320594,8.175883811466258,6.555290583552474,2.6462837142006137,10.31094088749354,969,1001,494,515,471,9.282377919320595
439,763.2142857142857,502.60714285714283,1.6187940308881335,1.2443063942169215,-0.7514678314114894,84.0,6.0,2.0,2.27027027027027,1.7841241161527712,1.692568750643269,0.5641895835477563,2.9316150714175193,760,766,500,506,37,8.27027027027027
440,361.48818897637796,503.1496062992126,2.253554509252126,1.6479986840432865,0.9525057932841037,127.0,6.0,1.0,1.6075949367088607,2.326213245840639,2.256758334191025,0.7978845608028654,3.989422804014327,358,368,498,508,79,5.6075949367088604
441,726.401424409194,453.4221430883781,35.04187551344773,12.359609667092808,-0.608992125638148,27801.0,32.0,4.0,6.1917594654788415,10.092530088080641,17.242431200258867,5.527906391541368,32.37091511398834,648,776,384,538,4490,7.1917594654788415
442,62.70694864048338,512.4592145015106,5.329927630520431,2.879074868710515,0.8224944454731039,331.0,4.0,2.0,1.9470588235294117,6.282549314314218,4.442433223290478,1.692568750643269,6.506551687525748,56,72,504,519,170,3.947058823529412
443,12.852286049237984,501.8253223915592,11.769735521442747,4.257963774784297,0.7937024195541518,853.0,5.0,2.0,1.9883449883449884,5.836022431559495,6.530966601401967,2.393653682408596,10.433694507453072,0,36,486,520,429,3.988344988344988
444,112.65671641791045,506.5641791044776,4.281359947393243,2.5761988269265834,-0.02787065248252841,335.0,4.0,2.0,2.161290322580645,5.753627391751592,3.949327084834294,1.5957691216057308,6.128667601500942,106,124,500,513,155,5.161290322580645
445,366.9137254901961,520.6588235294117,3.3635171836469606,1.6143248542551383,-1.3574257192809358,255.0,8.0,2.0,2.6842105263157894,2.8209479177387813,2.9316150714175193,0.9772050238058398,4.652426491681278,364,371,512,527,95,6.684210526315789
446,920.2647058823529,513.3529411764706,1.794065318645934,1.5991501460232225,1.3973047786878434,68.0,3.0,1.0,1.3076923076923077,2.393653682408596,2.111004122822376,0.7978845608028654,3.477898169151024,917,924,510,517,52,6.3076923076923075
447,808.5344827586207,520.5356321839081,5.780877412059604,3.0495388649194175,1.0145578398476571,870.0,8.0,2.0,2.770700636942675,5.613615477764332,4.720348719413148,1.7841241161527712,7.938851142601841,794,817,506,532,314,5.770700636942675
448,951.1545801526718,504.16984732824426,7.585024435840325,6.072287578528186,-0.3298267521219098,1048.0,8.0,2.0,2.680306905370844,5.890312181373172,5.808687281605183,2.111004122822376,9.52461639974967,928,963,490,522,391,5.680306905370844
449,676.6814345991561,528.957805907173,4.683179179957483,2.4218613490885113,1.5299627029172385,474.0,6.0,3.0,2.9440993788819876,5.4700209598571305,3.9088200952233594,1.4927053303604616,6.128667601500942,671,682,517,536,161,5.944099378881988
450,114.42307692307692,523.1153846153846,1.4731632772262886,0.8452250252038064,0.04578992506726732,26.0,2.0,1.0,0.8125,2.393653682408596,1.381976597885342,0.5641895835477563,2.1850968611841584,112,118,520,526,32,5.8125
451,277.8721264367816,529.7543103448276,3.6506270814858452,2.540182807627224,-0.8423028957065247,696.0,9.0,3.0,3.9101123595505616,4.51351666838205,3.826519928662906,1.4927053303604616,6.257165172872317,271,285,521,537,178,6.910112359550562
452,313.0098039215686,516.7450980392157,2.036769996238109,1.5378323148119046,-0.7036300683893445,102.0,4.0,2.0,1.8545454545454545,3.141274657157109,2.1850968611841584,0.7978845608028654,3.477898169151024,309,317,513,521,55,8.854545454545455
453,587.6129032258065,520.5887096774194,6.461266077498689,1.6817248062621488,-0.9548684938323823,124.0,2.0,1.0,1.1376146788990826,5.698035485213008,3.523362819972964,1.381976597885342,5.322553886092406,580,596,511,529,109,5.137614678899083
454,770.8661971830986,533.9947183098592,15.725510424140953,6.574186577150794,-0.8112636160904068,5112.0,11.0,4.0,4.896551724137931,10.969099187147178,10.233472165128859,3.949327084834294,16.13621662281282,744,793,512,566,1044,6.896551724137931
455,1021.9565217391304,522.6328502415458,4.381254249156447,1.1362703489357666,1.5327973724834327,207.0,7.0,2.0,2.875,2.8209479177387813,2.4592453796829674,0.7978845608028654,3.989422804014327,1017,1023,514,535,72,4.875
456,157.35,520.6,2.38456466903103,1.2307252628029248,0.7308527152617799,60.0,4.0,1.0,0.8955223880597015,2.1850968611841584,1.9544100476116797,0.5641895835477563,3.2897623212397704,153,163,516,525,67,8.895522388059701
457,50.88793103448276,529.3448275862069,3.7077497534164747,1.8640210633692382,-0.37658537116306245,116.0,2.0,1.0,0.9586776859504132,5.4115163798060095,3.2410224072142872,1.2615662610100802,5.046265044040321,44,58,524,535,121,3.958677685950413
458,445.42857142857144,530.4515306122449,5.399839807373312,2.212578410385527,-1.327725422388429,392.0,6.0,3.0,2.5620915032679736,5.140011726956917,4.222008245644752,1.4927053303604616,6.206085419025319,440,451,521,541,153,20.562091503267975
459,694.8955223880597,532.6019900497513,3.5708366316876123,2.2092517472433397,-0.6120051073828394,402.0,6.0,3.0,3.5575221238938055,5.440847306724618,3.6125759969217834,1.4927053303604616,5.4115163798060095,688,701,528,538,113,4.557522123893805
460,898.8368178115667,576.0605484659245,16.906368575002933,9.183882681990394,1.409133999013488,3683.0,9.0,2.0,2.674655047204067,7.715176518808164,10.881694613449236,3.826519928662906,17.787636910694122,872,919,513,606,1377,5.674655047204067
461,995.7185097575399,525.1774098166766,10.6472219020206,3.8517308554099734,0.016865612868216372,1691.0,9.0,3.0,3.1785714285714284,6.154581744998688,6.723094811029982,2.5231325220201604,11.11324596323283,967,1015,517,536,532,6.178571428571429
462,11.049242424242424,527.8409090909091,3.320760724968811,2.0323433603554033,1.376424688745001,264.0,6.0,2.0,2.336283185840708,3.7846987830302403,3.2410224072142872,1.1283791670955126,5.170882945826411,6,16,521,535,113,4.336283185840708
463,329.3083687083081,525.1385688295937,14.128755553827604,8.550967056087277,0.07456087796727802,3298.0,8.0,2.0,2.6091772151898733,9.755749892701914,10.778826859036359,3.989422804014327,17.08479340321492,297,356,508,549,1264,4.609177215189874
464,150.55980861244018,527.741028708134,15.969095018755464,7.700425162591711,0.8017712913579618,3344.0,10.0,3.0,2.95929203539823,7.673807981960539,10.139728459745083,3.5682482323055424,16.371222439596615,128,186,498,566,1130,4.95929203539823
465,261.35897435897436,544.7307692307693,5.333044535245428,1.7609309842030356,0.7743673453788794,156.0,3.0,2.0,1.6082474226804124,4.3336224206596095,3.3377905890622728,1.2615662610100802,4.886025119029199,252,267,537,551,97,7.608247422680412
466,243.91956305858986,544.2611717974181,9.25980045662,5.043473822643597,0.1410145252938985,2014.0,10.0,3.0,3.6819012797074953,6.770275002573076,7.312732791431452,2.7057581899030048,11.767106717028996,225,269,534,561,547,6.681901279707495
467,789.7917130488559,596.3505256648114,35.34964020218752,22.92090026989906,0.41912338590753845,8085.0,11.0,2.0,2.5674817402349954,8.6488625410045,15.817445133157866,5.232078956954491,26.992801438063015,722,881,490,639,3149,4.567481740234995
468,939.8266666666667,537.6266666666667,2.5015304895545993,1.270009050190043,-0.08612327923574209,75.0,2.0,2.0,1.4705882352941178,3.656366395715726,2.393653682408596,0.9772050238058398,3.2897623212397704,936,946,535,540,51,6.470588235294118
469,347.8217821782178,542.0990099009902,2.4881577263203956,1.5495708898606362,0.0807712727888238,101.0,3.0,1.0,1.2317073170731707,2.8209479177387813,2.326213245840639,0.9772050238058398,3.949327084834294,342,353,538,546,82,6.2317073170731705
470,202.3621323529412,539.6544117647059,6.579836297362297,3.032489415320094,-1.3483237614564243,544.0,5.0,2.0,2.506912442396313,5.322553886092406,4.720348719413148,1.7841241161527712,7.334464586120832,193,211,526,551,217,6.506912442396313
471,172.1375,543.0541666666667,3.33409590259866,1.5980084171258486,0.2912306192539583,240.0,7.0,3.0,2.891566265060241,2.876813695875796,2.8209479177387813,0.9772050238058398,4.478115991081385,164,179,540,547,83,6.891566265060241
472,959.9512195121952,535.719512195122,2.9140879083890376,1.7426401851353406,1.0842728042016154,164.0,4.0,2.0,1.7446808510638299,4.1073621666150775,2.8209479177387813,1.1283791670955126,4.51351666838205,955,964,529,541,94,5.74468085106383
473,980.016692784629,476.50357702527765,51.33123084292039,14.358993957759562,-0.9261294954447212,14677.0,14.0,2.0,3.1029598308668076,15.201742576738761,16.574119336381386,6.128667601500942,31.85548488335917,871,1023,401,625,4730,5.102959830866808
474,800.9219858156029,551.0851063829788,5.9268708578683205,1.7866745249518823,1.3309817914564035,141.0,3.0,1.0,1.2260869565217392,3.3377905890622728,3.2897623212397704,1.381976597885342,5.352372348458314,796,805,541,561,115,4.226086956521739
475,907.1572192513369,530.1155080213904,7.880272525076337,4.806538996724745,1.1768133569529902,935.0,6.0,2.0,2.3791348600508906,7.2909362219603215,6.530966601401967,2.4592453796829674,9.853147481188747,893,919,514,546,393,6.379134860050891
476,952.2282608695652,551.0978260869565,1.9793163140402823,1.6936528711726637,0.998534846227144,92.0,4.0,1.0,1.5333333333333334,3.0382538898732494,2.326213245840639,0.7978845608028654,3.6996385101659595,948,956,547,555,60,5.533333333333333
477,730.9711864406779,552.0796610169491,4.564315650403451,3.3319993136519783,1.0342371235196097,590.0,7.0,2.0,2.42798353909465,3.8678889139475245,4.720348719413148,1.692568750643269,7.420755373261929,724,740,541,562,243,6.42798353909465
478,80.95394736842105,558.1118421052631,4.725725343049631,2.457408267462024,0.14332259243420672,456.0,5.0,2.0,1.974025974025974,4.950743503369154,4.222008245644752,1.692568750643269,6.746726148605861,72,94,552,566,231,5.974025974025974
479,819.96875,550.15625,1.9185568756038036,1.217065688479209,0.8084928366596283,32.0,2.0,1.0,0.7441860465116279,2.985410660720923,1.8712051592547776,0.5641895835477563,2.763953195770684,817,823,546,554,43,3.744186046511628
480,887.6216216216217,548.1621621621622,2.7244736138597827,1.079135542943284,1.4871857996839801,37.0,2.0,1.0,0.6065573770491803,3.385137501286538,2.326213245840639,0.7978845608028654,3.1915382432114616,885,890,543,554,61,3.6065573770491803
481,44.81578947368421,562.671052631579,5.968249938929249,3.5671690291472706,0.27827295009148395,760.0,7.0,2.0,2.638888888888889,5.292567428401227,4.820437914901168,1.8712051592547776,7.978845608028654,36,61,554,573,288,4.638888888888889
482,181.2,555.5,1.3892443989424665,1.2961481396844912,1.570796326736689,50.0,3.0,1.5,1.3888888888888888,2.393653682408596,1.7841241161527712,0.5641895835477563,2.6462837142006137,178,184,553,559,36,6.388888888888889
483,280.7725631768953,553.2707581227437,4.601936925389071,2.266621335420009,-0.9072379755087827,277.0,4.0,1.0,1.521978021978022,5.077706251929807,3.6996385101659595,1.381976597885342,6.023896332520351,274,287,545,567,182,4.521978021978022
484,772.625,555.5,1.4523687548277813,1.118033988749895,0.0,32.0,2.0,0.0,0.64,2.763953195770684,1.4927053303604616,0.5641895835477563,2.5231325220201604,769,778,553,558,50,3.64
485,371.63380281690144,558.5281690140845,3.8960495091490004,2.0944232087512122,-1.564574364478623,284.0,5.0,2.0,2.072992700729927,3.9088200952233594,3.523362819972964,1.381976597885342,5.725898905580716,367,377,549,566,137,4.072992700729927
486,434.4640883977901,556.9171270718232,4.806849137387936,2.0996675112141836,0.3803697495950039,543.0,10.0,4.0,4.450819672131147,4.145929793656026,3.385137501286538,1.2615662610100802,5.382025607773058,427,447,552,564,122,13.450819672131148
487,111.80571428571429,567.4914285714286,2.4595679388494203,2.125321354581414,0.8798169002587788,175.0,5.0,2.0,1.75,2.8209479177387813,2.876813695875796,1.1283791670955126,4.61809077155419,107,117,562,573,100,5.75
488,610.8230769230769,568.5307692307692,3.2617385495444995,1.634356388934495,-1.0770122733208443,260.0,7.0,2.0,2.6530612244897958,3.0901936161855166,2.8209479177387813,0.9772050238058398,4.61809077155419,606,616,563,578,98,9.653061224489797
489,855.0492170022371,556.6711409395973,4.188821151453033,2.569139439548355,-0.021418872874678033,447.0,5.0,3.0,2.725609756097561,5.292567428401227,4.1841419359420025,1.5957691216057308,6.383076486422923,847,864,551,563,164,6.725609756097561
490,148.35443037974684,567.6835443037975,2.3462218720277828,1.8496963425448243,0.5069708064077834,79.0,3.0,1.0,1.0128205128205128,2.393653682408596,2.326213245840639,0.7978845608028654,3.9088200952233594,143,153,562,572,78,5.012820512820513
491,708.7663793103449,556.8922413793103,5.151051427938398,3.373394282396182,0.7203569809739022,1160.0,11.0,4.0,4.344569288389513,4.720348719413148,4.820437914901168,1.7841241161527712,8.03846421247924,700,720,547,567,267,6.344569288389513
492,134.96104768300873,593.0543989254534,13.46561459414733,5.82142590730261,-1.382561101827492,1489.0,8.0,2.0,2.4775374376039934,6.886811529393324,7.158763278359629,2.6462837142006137,11.861406733319429,123,155,560,613,601,4.477537437603993
493,687.9245283018868,574.4150943396227,2.8378796710724257,1.5401991005632791,0.17512428301631117,53.0,2.0,1.0,0.6162790697674418,3.826519928662906,2.4592453796829674,0.7978845608028654,3.5682482323055424,680,694,570,579,86,3.616279069767442
494,235.3760683760684,576.4273504273505,2.0353890244157795,1.8054449408701507,1.2219021574035251,117.0,4.0,2.0,1.647887323943662,3.385137501286538,2.393653682408596,0.7978845608028654,3.9088200952233594,231,239,571,581,71,4.647887323943662
495,947.1565217391304,565.4144927536232,3.5329835194227366,2.726677031113956,1.2495970892919164,690.0,8.0,4.0,4.0828402366863905,5.556622981616415,3.989422804014327,1.5957691216057308,6.102643417692329,941,954,558,574,169,7.0828402366863905
496,275.54211332312406,582.9877488514549,3.774895680952377,2.7339536160851567,0.6868715824879196,653.0,9.0,1.0,2.4641509433962265,4.3336224206596095,3.826519928662906,1.4927053303604616,6.432750982580687,263,283,569,591,265,5.464150943396226
497,307.1821705426357,575.062015503876,4.534119981180509,2.062416344069797,0.16061522742758486,258.0,3.0,2.0,1.6973684210526316,4.982787485166879,3.742410318509555,1.5957691216057308,6.050259243299904,296,317,571,580,152,4.697368421052632
498,335.4432071269488,569.097995545657,6.865626420543313,3.0394785619688958,0.6352619193390183,449.0,5.0,1.0,1.6446886446886446,3.9088200952233594,4.820437914901168,1.692568750643269,8.387281135541944,321,346,559,578,273,3.6446886446886446
499,924.4103773584906,569.3301886792453,4.385065597000972,2.2692346610870877,1.3527956517961088,212.0,3.0,1.0,1.606060606060606,4.406461512053774,3.5682482323055424,1.4927053303604616,5.781222885281108,919,930,560,576,132,5.606060606060606
500,626.8986506746627,560.8173913043478,18.543813091093586,7.439976040859095,-0.6705044053010866,3335.0,9.0,3.0,3.652792990142388,8.703892974511014,9.507891862878783,3.6125759969217834,15.222667215103916,594,654,543,605,913,6.6527929901423875
501,8.550031269543465,569.1816760475297,8.220752276218631,5.9049603699184745,-1.2855450348414381,3198.0,12.0,5.0,4.927580893682588,9.338999347593866,7.715176518808164,3.141274657157109,12.087358593107094,0,24,546,590,649,6.927580893682588
502,391.77081741787623,595.4950343773874,9.72476088505556,8.104646811832401,0.9689495153417063,2618.0,12.0,3.0,3.6011004126547457,6.6036697681803656,7.420755373261929,2.763953195770684,13.02532799341193,375,416,570,616,727,6.601100412654746
503,422.79338842975204,586.1404958677685,6.531751105836372,1.990604253926662,1.0316379234848787,363.0,4.0,2.0,2.1867469879518073,6.257165172872317,4.222008245644752,1.692568750643269,6.383076486422923,415,431,574,597,166,6.186746987951807
504,201.68781725888326,596.3769035532995,18.163055878656323,11.216762192878026,-0.9285266963269752,22064.0,50.0,5.0,9.005714285714285,8.136857890256438,11.297887606083718,3.9088200952233594,22.903595622322865,151,225,557,645,2450,12.005714285714285
505,443.85135135135135,580.8243243243244,1.7538018056231979,1.4908293712168217,-0.06244296051968973,74.0,3.0,2.0,1.6444444444444444,2.763953195770684,2.0342144725641096,0.7978845608028654,3.1915382432114616,440,447,578,584,45,7.644444444444445
506,836.275,584.39,4.714341945614284,1.7355849215302186,-0.09012821146227766,200.0,4.0,1.0,1.1627906976744187,3.989422804014327,3.3377905890622728,1.1283791670955126,5.670035141386943,827,849,580,590,172,5.162790697674419
507,136.44827586206895,581.6264367816092,2.683805194129568,2.043301191194216,-1.0365999204880247,174.0,4.0,2.0,1.6571428571428573,4.1841419359420025,2.9316150714175193,1.1283791670955126,4.686510657907603,131,142,576,589,105,7.6571428571428575
508,168.47698744769875,588.3598326359833,4.9443610950434795,1.7971559793109058,0.4599321868581984,239.0,4.0,2.0,2.060344827586207,5.108953969950291,3.477898169151024,1.381976597885342,5.046265044040321,160,176,582,595,116,11.060344827586206
509,602.2996845425868,595.4258675078864,4.182236592303316,1.920631986494042,-1.1381415356471074,317.0,4.0,2.0,2.4015151515151514,5.670035141386943,3.6996385101659595,1.4927053303604616,5.527906391541368,596,608,587,603,132,9.401515151515152
510,745.472602739726,582.7465753424658,2.952869522797652,1.9337940730822254,0.49266406415607006,292.0,8.0,3.0,3.0103092783505154,3.0901936161855166,2.9316150714175193,1.1283791670955126,4.720348719413148,739,752,578,587,97,10.010309278350515
511,357.1470588235294,587.0784313725491,3.5425391983583108,2.0486942315082444,0.8221579227006129,102.0,3.0,1.0,0.9714285714285714,2.6462837142006137,2.763953195770684,0.9772050238058398,4.54864184146723,352,363,580,591,105,4.9714285714285715
512,557.0167597765363,594.7374301675977,2.846367659280216,2.1577263458560787,-1.4459500348992034,179.0,3.0,2.0,1.8842105263157896,4.145929793656026,3.0382538898732494,1.2615662610100802,4.886025119029199,553,562,588,599,95,3.8842105263157896
513,237.83870967741936,589.9677419354839,1.9634202604639766,0.9614454444916022,0.12046557409431843,62.0,4.0,2.0,1.878787878787879,2.5231325220201604,1.692568750643269,0.5641895835477563,2.6462837142006137,234,242,588,592,33,3.878787878787879
514,988.200796812749,588.8385126162019,12.753048136224619,9.458226067013992,0.7082326388107557,3765.0,11.0,3.0,3.694798822374877,7.694520051971082,9.373021315815206,3.431831258788849,16.195287778099022,965,1023,560,617,1019,4.694798822374877
515,763.3652504755865,589.2777425491439,6.074209267838969,5.099575606304136,0.52881978907582,1577.0,12.0,4.0,4.239247311827957,5.863230142835039,5.585191925620057,2.111004122822376,9.18434101276213,737,774,576,602,372,9.239247311827956
516,315.5,595.5,2.1927094538516774,1.3007787094619432,-0.6485685028582964,76.0,3.0,2.0,1.52,2.876813695875796,2.1850968611841584,0.7978845608028654,3.385137501286538,311,319,592,599,50,5.52
517,815.6475409836065,596.3934426229508,2.666574691298085,1.475102955867972,-0.4099883757683827,122.0,4.0,1.0,1.5443037974683544,3.477898169151024,2.393653682408596,0.9772050238058398,3.8678889139475245,810,821,593,601,79,7.544303797468355
518,1018.853509664293,587.5442522889115,8.649528574721213,3.0923772834419636,1.4524171091111209,983.0,5.0,3.0,2.9969512195121952,8.136857890256438,5.917270272703197,2.4592453796829674,8.991702346646203,1008,1023,571,607,328,5.996951219512195
519,36.48031496062992,593.1259842519685,2.643408711498497,2.1812707019323048,0.341309346657511,127.0,3.0,1.0,1.165137614678899,3.2897623212397704,2.876813695875796,1.1283791670955126,4.720348719413148,32,42,587,599,109,4.165137614678899
520,515.2457142857143,605.4285714285714,4.9109319621203325,2.352836828388796,1.5290559877640126,175.0,3.0,1.0,1.10062893081761,4.3336224206596095,3.6125759969217834,1.381976597885342,5.4700209598571305,510,521,596,615,159,5.10062893081761
521,684.9065238558909,593.3291139240506,6.690410078389567,3.4102251761643236,0.45795928218509996,1027.0,8.0,3.0,3.121580547112462,6.180387232371033,5.440847306724618,2.0342144725641096,8.758577656805558,672,695,584,605,329,5.121580547112462
522,364.76335877862596,603.8473282442748,2.1633717198476576,1.9546528440975608,0.7688867348161612,262.0,7.0,4.0,3.6901408450704225,3.431831258788849,2.5854414729132054,0.9772050238058398,4.068428945128219,360,369,599,608,71,7.690140845070423
523,835.5,599.734693877551,1.8196770289867519,1.638509903006094,9.29078237372052e-11,98.0,5.0,2.0,1.7818181818181817,2.393653682408596,2.111004122822376,0.5641895835477563,3.2897623212397704,832,839,597,604,55,4.781818181818182
524,99.73337155963303,579.4581422018349,16.62689617008175,6.872393199477159,1.5201074115242672,1744.0,7.0,2.0,2.1190765492102064,6.333012368467128,8.33015937350939,2.9316150714175193,14.127289146798006,71,119,545,621,823,4.119076549210207
525,502.3294796453916,515.7755198819192,54.21101619211076,40.5836343237181,-0.5440213322340522,655822.0,121.0,8.0,18.95055913543503,26.263615961254732,41.409363154630626,15.201742576738761,75.72340648514702,146,623,395,791,34607,18.95055913543503
526,404.8125,606.9375,2.3875915737911386,1.4030956168788313,0.6071970795574836,96.0,4.0,1.0,1.0909090909090908,2.876813695875796,2.0342144725641096,0.7978845608028654,3.5682482323055424,400,413,603,612,88,8.090909090909092
527,450.04347826086956,609.0521739130435,2.581523289362438,2.2277812029225683,-0.5547139731657491,345.0,7.0,3.0,3.2857142857142856,3.6996385101659595,3.0901936161855166,1.1283791670955126,4.853342309955121,444,456,604,614,105,9.285714285714286
528,689.5625,619.375,2.3150646721004766,1.297476132340134,-1.5644204768642103,64.0,2.0,1.0,1.0847457627118644,3.5682482323055424,2.1850968611841584,0.9772050238058398,3.2410224072142872,687,693,610,623,59,4.084745762711864
529,766.2,614.88,1.9309893829347196,1.2557388275029524,-1.2429485136741285,50.0,4.0,0.0,0.704225352112676,1.7841241161527712,1.692568750643269,0.5641895835477563,3.0382538898732494,763,771,611,622,71,7.704225352112676
530,55.098214285714285,607.625,5.95809731027241,2.1800438320632267,0.17121067475466625,112.0,2.0,1.0,0.6222222222222222,5.670035141386943,3.742410318509555,1.2615662610100802,5.322553886092406,46,67,601,614,180,4.622222222222222
531,960.5897435897435,607.974358974359,1.8197536705564943,1.0532200073686082,-1.0648244033223753,39.0,3.0,0.5,0.6964285714285714,1.692568750643269,1.5957691216057308,0.5641895835477563,2.763953195770684,957,964,604,612,56,3.6964285714285716
532,4.283261802575107,614.3304721030042,3.176702399571026,2.372548007856423,1.0585860872009127,233.0,4.0,2.0,1.7388059701492538,5.077706251929807,3.477898169151024,1.2615662610100802,5.292567428401227,0,11,608,622,134,4.7388059701492535
533,927.1965174129353,613.4800995024875,5.983051466412798,2.748794476057148,-0.4415053132825508,402.0,4.0,2.0,1.6144578313253013,6.6755811781245455,4.886025119029199,1.7841241161527712,7.377736139048903,917,939,607,623,249,5.614457831325301
534,297.82142857142856,612.9821428571429,1.9472123142452187,1.1089314672806898,1.0513706363742,56.0,3.0,1.0,1.1666666666666667,2.326213245840639,1.7841241161527712,0.5641895835477563,2.876813695875796,295,301,609,617,48,6.166666666666667
535,96.94977168949772,611.5525114155251,3.710005535354913,2.109174038656955,-0.7352426863606824,219.0,4.0,2.0,1.7661290322580645,4.720348719413148,3.1915382432114616,1.2615662610100802,5.046265044040321,90,103,606,619,124,5.766129032258065
536,366.9207920792079,623.9356435643564,2.7377515362722025,1.8359026401063094,0.5054082407424635,202.0,6.0,2.0,2.433734939759036,3.3377905890622728,2.5854414729132054,0.9772050238058398,4.406461512053774,360,372,619,628,83,5.433734939759036
537,439.5823754789272,624.6091954022988,2.5016524348113545,2.1336653101579524,-0.7838920920177151,261.0,7.0,2.5,2.776595744680851,2.9316150714175193,2.876813695875796,1.1283791670955126,4.652426491681278,434,445,619,629,94,6.776595744680851
538,534.9055374592834,628.4771986970684,5.353073330286871,2.524566589561235,-0.8209024079284925,614.0,6.0,3.0,2.569037656903766,6.231677632421503,4.652426491681278,1.8712051592547776,7.136496464611085,524,543,618,638,239,7.569037656903766
539,334.8886043533931,608.4699103713189,4.30268847324321,3.3797427771272077,0.9518109839535778,781.0,8.0,3.0,3.0869565217391304,5.641895835477563,4.54864184146723,1.7841241161527712,7.377736139048903,326,343,600,622,253,7.086956521739131
540,973.6900584795321,625.9473684210526,5.5102921671109115,2.756143308339322,0.45965104933911133,513.0,5.0,2.0,2.671875,5.499039842323396,4.583497844237541,1.7841241161527712,7.001408606295148,964,984,619,634,192,4.671875
541,269.1826067107966,611.8550559233051,6.492464849777796,4.877979855452932,1.0451406220391837,4381.0,24.0,6.0,7.699472759226714,6.746726148605861,6.231677632421503,2.393653682408596,10.837727990765352,256,284,600,629,569,16.699472759226712
542,15.6,627.5,2.3440862445507955,1.1641562086478678,-0.9489472119033397,100.0,4.0,2.0,2.380952380952381,3.141274657157109,2.0342144725641096,0.7978845608028654,3.0901936161855166,12,19,624,631,42,9.380952380952381
543,731.2823529411764,622.8392156862745,4.056411353286375,2.3814543251915836,-0.25593905589123944,510.0,7.0,3.0,3.1677018633540373,4.478115991081385,4.029119531035698,1.5957691216057308,6.282549314314218,723,740,617,628,161,5.167701863354037
544,62.08429118773947,635.3218390804598,5.110487392774654,2.135768068137718,-0.4814573024878354,261.0,5.0,1.0,1.9191176470588236,3.385137501286538,3.2410224072142872,1.2615662610100802,5.670035141386943,56,78,629,642,136,4.919117647058823
545,468.37974683544303,624.506329113924,2.7347247032962523,1.4031412018710878,0.31667302199468944,79.0,3.0,1.0,1.025974025974026,2.393653682408596,2.256758334191025,0.7978845608028654,3.8678889139475245,461,474,621,629,77,4.025974025974026
546,182.9614648573417,617.794363256785,5.411303005445795,4.961995702851085,1.5383756044944215,11496.0,57.0,16.0,19.61774744027304,7.247146419131151,6.530966601401967,2.5854414729132054,10.734438914006276,170,194,601,631,586,29.61774744027304
547,824.8088235294117,624.6617647058823,3.2084137044723167,2.161660704835696,-1.485628748771509,136.0,3.0,1.0,1.1333333333333333,3.477898169151024,2.985410660720923,1.1283791670955126,4.820437914901168,820,831,619,633,120,5.133333333333334
548,709.0804347826087,632.2608695652174,8.411867331922378,2.8034699154360174,-0.4294140907016908,460.0,5.0,1.0,1.8253968253968254,4.370193722368317,4.370193722368317,1.692568750643269,7.878478774854901,693,722,623,640,252,3.8253968253968256
549,255.39976126529393,662.5290858450214,36.61234784612252,21.427490205460863,0.9155405215740786,100530.0,100.0,5.0,10.601075608984498,10.49453289192004,19.495178996445407,6.023896332520351,45.18450630451586,148,337,502,782,9483,11.601075608984498
550,662.0540540540541,630.990990990991,2.1037689285668,1.5049408579238037,0.3327483597027501,111.0,5.0,2.0,1.9473684210526316,2.326213245840639,2.256758334191025,0.7978845608028654,3.656366395715726,658,667,627,634,57,6.947368421052632
551,859.3096774193548,623.5225806451613,3.647191275746384,1.9075331144864385,-1.0313918415986914,155.0,4.0,1.0,1.3963963963963963,3.6996385101659595,2.763953195770684,0.9772050238058398,4.652426491681278,852,864,618,635,111,5.396396396396397
552,940.4827586206897,631.4045977011494,3.9688048824218107,2.364268101150074,-1.5207240615598188,435.0,5.0,3.0,2.9,5.556622981616415,4.029119531035698,1.5957691216057308,6.050259243299904,935,946,622,639,150,4.9
553,1018.7516254876463,647.3478543563069,9.869439141021239,3.4893348483337503,1.506731914148963,1538.0,8.0,3.0,3.336225596529284,7.878478774854901,6.432750982580687,2.4592453796829674,10.357143990692485,1008,1023,625,671,461,5.336225596529284
554,628.290058189922,609.700606660889,18.43449022260735,14.612694831888247,1.4184305129901011,40385.0,59.0,4.0,11.12841003031138,11.18462271470208,12.902560616952067,4.820437914901168,25.891323262882167,576,669,508,640,3629,12.12841003031138
555,331.14529914529913,639.1017094017094,4.467006825602723,3.316088759071727,0.18825359159109895,1170.0,11.0,3.0,3.993174061433447,5.292567428401227,4.753945931439391,1.7841241161527712,7.673807981960539,320,342,631,648,293,6.993174061433447
556,28.756255044390638,629.9624697336561,14.264725469411562,8.87003549555369,-0.2948395736772353,2478.0,13.0,2.0,2.676025917926566,4.370193722368317,8.136857890256438,2.6462837142006137,14.48330815094114,0,69,600,654,926,4.676025917926566
557,892.9278350515464,643.659793814433,2.4480840175667153,1.8302606755233919,-1.3387567415361972,97.0,2.0,2.0,1.4477611940298507,4.442433223290478,2.763953195770684,1.1283791670955126,4.068428945128219,890,897,639,649,67,8.447761194029852
558,86.69318181818181,640.3238636363636,3.503891213614719,1.9116493218439352,-0.22167923284390156,176.0,6.0,1.0,1.614678899082569,2.4592453796829674,2.9316150714175193,0.9772050238058398,5.046265044040321,81,95,635,645,109,4.614678899082569
559,743.3127828054298,690.5709841628959,28.20257489269924,9.77735849889379,-0.8107301845767941,3536.0,9.0,2.0,2.2072409488139826,5.970821321441846,11.888212206450685,3.8678889139475245,19.762748552453708,704,796,636,733,1602,4.207240948813983
560,580.8539114043356,631.7690857681432,8.115985828022394,3.356810222452619,0.703611082237102,1061.0,7.0,3.0,2.9148351648351647,6.282549314314218,5.613615477764332,2.256758334191025,8.95623198216277,570,597,619,645,364,4.914835164835165
561,482.199066874028,638.3499222395023,12.6916340455607,6.162635917608254,-1.2936273717296434,1286.0,8.0,2.0,2.32129963898917,5.836022431559495,7.001408606295148,2.4592453796829674,11.617374563210365,457,494,618,662,554,4.32129963898917
562,799.1264367816092,654.3054187192118,5.3266179735768455,2.460654368769941,0.8651941447164008,609.0,8.0,3.0,2.832558139534884,4.886025119029199,4.478115991081385,1.692568750643269,7.001408606295148,789,807,644,664,215,4.832558139534884
563,356.04646464646464,645.0121212121212,4.740115654737997,2.885650271701492,0.5614146237267457,495.0,5.0,2.0,2.3798076923076925,5.499039842323396,4.720348719413148,1.7841241161527712,7.069275219628611,345,364,635,653,208,4.3798076923076925
564,515.7291666666666,646.1458333333334,1.2092776290063625,1.0130956982412203,-1.4695604975574543,48.0,5.0,2.0,2.0869565217391304,1.5957691216057308,1.2615662610100802,0.0,2.256758334191025,514,518,644,649,23,7.086956521739131
565,615.6170212765958,652.3617021276596,3.12962161867243,1.849752527617378,0.01105373229872956,235.0,5.0,2.0,2.3737373737373737,3.9088200952233594,3.141274657157109,1.2615662610100802,4.853342309955121,608,622,648,656,99,4.373737373737374
566,835.8050139275766,648.700557103064,6.486640053901606,2.8739525909302994,0.8891015360327205,718.0,5.0,3.0,2.9186991869918697,7.001408606295148,5.382025607773058,2.111004122822376,8.058239062071396,826,845,637,659,246,4.91869918699187
567,119.52240566037736,636.7971698113207,11.83572381679826,2.7551734547114664,-0.9751250369906499,848.0,6.0,2.0,2.388732394366197,6.6036697681803656,5.641895835477563,2.1850968611841584,9.18434101276213,103,132,623,655,355,4.3887323943661976
568,915.7129750982962,661.8872870249018,3.6861999372475966,2.8456931745235328,1.2204781500697437,763.0,10.0,3.0,3.8341708542713566,4.950743503369154,4.1073621666150775,1.5957691216057308,6.699380116989518,909,923,654,670,199,5.834170854271357
569,752.4979591836735,650.4857142857143,3.351797497247053,2.1494993211208127,0.5236666143560209,245.0,4.0,2.0,2.130434782608696,4.918490759365935,3.3377905890622728,1.381976597885342,5.322553886092406,746,759,645,655,115,6.130434782608695
570,392.3763919821826,661.2925018559763,8.73632080126401,5.893728304676079,-0.6407620558823021,1347.0,8.0,2.0,2.363157894736842,6.231677632421503,6.282549314314218,2.326213245840639,11.64474179680661,376,418,639,674,570,4.363157894736842
571,465.187898089172,651.047770700637,3.132006583204901,2.5225261373803405,0.6803762536966829,314.0,5.0,2.0,2.512,4.1841419359420025,3.5682482323055424,1.381976597885342,5.527906391541368,459,471,645,658,125,5.512
572,876.9780896110291,651.0460364352535,11.40859412227567,6.543828084770833,-0.6786233869504196,4062.0,10.0,4.0,4.2578616352201255,11.170383851240114,10.124020118074668,3.826519928662906,15.440663999700893,857,902,630,671,954,5.2578616352201255
573,184.41630901287553,666.5064377682403,4.858896955220094,1.878257590547782,-1.3569994591095889,233.0,5.0,2.0,2.080357142857143,2.9316150714175193,3.6125759969217834,1.2615662610100802,5.262410103554244,180,189,657,674,112,10.080357142857142
574,645.4890202702703,662.9493243243244,8.083542859283266,5.166968664732516,-0.7662171748680455,1184.0,12.0,2.0,3.2086720867208673,3.6996385101659595,5.556622981616415,1.8712051592547776,9.706684619910241,627,655,643,676,369,5.208672086720867
575,966.6139705882352,660.6003151260504,15.377838987048845,6.147099380606083,0.5510561530237379,1904.0,5.0,2.0,2.4285714285714284,10.433694507453072,8.97398468933946,3.477898169151024,13.704117368456696,943,1005,644,687,784,4.428571428571429
576,404.344262295082,662.344262295082,2.294668156695169,1.0738727577692628,-1.0168128026759073,61.0,4.0,1.0,1.525,2.4592453796829674,1.9544100476116797,0.5641895835477563,3.0901936161855166,401,408,658,666,40,5.525
577,633.3796296296297,667.8518518518518,2.773796496498614,1.7323676219433135,-1.2216412731588364,108.0,2.0,2.0,1.35,4.478115991081385,2.876813695875796,1.2615662610100802,4.068428945128219,629,637,662,673,80,6.35
578,150.7674418604651,663.4108527131783,3.9736522333308755,1.6782914087479848,-1.40483378802897,129.0,4.0,1.0,1.5542168674698795,3.6125759969217834,2.9316150714175193,0.9772050238058398,4.583497844237541,147,155,656,671,83,3.5542168674698793
579,320.7040816326531,671.1836734693877,2.758436963228067,1.4193730502032007,-0.3290858880007254,98.0,3.0,1.0,1.1951219512195121,3.0901936161855166,2.5231325220201604,0.9772050238058398,4.029119531035698,314,326,667,675,82,7.195121951219512
580,595.6144578313254,671.4638554216867,6.828474788745079,2.6094697282534325,-0.48596562280280975,664.0,7.0,2.0,2.7551867219917012,4.753945931439391,4.652426491681278,1.7841241161527712,7.506054213402069,580,607,664,681,241,4.755186721991701
581,500.6,665.8877192982457,2.7807764946829385,2.098439196266823,0.6542722981015875,285.0,6.0,2.0,2.2093023255813953,4.029119531035698,3.0382538898732494,1.2615662610100802,4.853342309955121,495,507,660,671,129,5.209302325581396
582,444.5744680851064,674.3617021276596,1.72040428320652,1.4084113076735914,0.9794404630569697,47.0,3.0,1.0,1.0930232558139534,2.0342144725641096,1.7841241161527712,0.5641895835477563,2.876813695875796,442,448,670,678,43,6.093023255813954
583,731.5764705882353,667.9686274509804,2.803345228143006,2.4075274141599228,-0.5543212839666515,255.0,5.0,2.0,2.2767857142857144,3.826519928662906,3.2897623212397704,1.2615662610100802,5.201570947860099,725,737,663,674,112,4.276785714285714
584,227.64499424626007,700.1300345224396,7.827446330532239,3.9126831578525842,1.161842364815043,1738.0,14.0,4.0,5.023121387283237,5.970821321441846,5.322553886092406,2.111004122822376,8.740387444736633,207,238,673,711,346,10.023121387283236
585,765.1666666666666,679.5757575757576,2.264284769895588,1.5516698459896676,1.3293634041384308,66.0,3.0,1.0,1.064516129032258,2.111004122822376,2.1850968611841584,0.7978845608028654,3.656366395715726,762,769,674,684,62,6.064516129032258
586,18.073825503355703,669.8031319910515,6.734107440105283,2.98039553624151,0.4963851641654134,894.0,9.0,2.0,2.8201892744479493,4.61809077155419,4.918490759365935,1.8712051592547776,8.462843753216344,0,30,657,677,317,4.82018927444795
587,997.4532871972318,680.9653979238755,3.2338219681938263,2.024953029952575,0.7788757951468829,289.0,6.0,3.0,2.6513761467889907,4.1841419359420025,3.2897623212397704,1.2615662610100802,5.077706251929807,992,1004,674,686,109,6.651376146788991
588,377.728813559322,681.9830508474577,2.0266030019734744,1.842639980958104,-0.5812034697292865,59.0,2.0,1.0,0.9365079365079365,3.7846987830302403,2.1850968611841584,0.7978845608028654,3.523362819972964,373,382,676,685,63,3.9365079365079363
589,790.9545454545455,676.2424242424242,2.757640773417566,1.225254423518438,1.5042496327476567,66.0,2.0,1.0,0.9428571428571428,3.9088200952233594,2.256758334191025,0.9772050238058398,3.6125759969217834,788,794,671,682,70,4.942857142857143
590,875.5,684.2777777777778,1.5723301886843273,1.2385276005183994,0.0,36.0,2.0,1.0,0.9230769230769231,2.985410660720923,1.692568750643269,0.5641895835477563,2.763953195770684,872,879,682,687,39,4.923076923076923
591,45.706896551724135,683.5,1.8868876033283581,1.875510235768173,1.5707963267099094,116.0,4.0,2.0,1.6571428571428573,3.385137501286538,2.326213245840639,0.7978845608028654,3.826519928662906,41,50,680,687,70,4.6571428571428575
592,216.28240740740742,682.6342592592592,4.161239050378168,2.339914306572314,-0.15564956108963576,432.0,5.0,3.0,2.88,5.499039842323396,3.989422804014327,1.5957691216057308,5.917270272703197,208,224,677,687,150,10.88
593,328.5529411764706,690.9411764705883,2.480798166691988,1.7101671257399846,0.9137393752676958,85.0,2.0,2.0,1.5178571428571428,4.1841419359420025,2.5854414729132054,1.1283791670955126,3.826519928662906,324,332,688,695,56,3.517857142857143
594,701.1336633663366,695.6881188118812,6.21597583134744,1.8263673245293761,1.5341044243168205,202.0,4.0,1.0,1.4962962962962962,4.583497844237541,3.8678889139475245,1.4927053303604616,5.917270272703197,698,706,685,707,135,5.496296296296296
595,64.97560975609755,688.7018970189702,3.6336333068292928,2.248742363230931,-0.08007565265838845,369.0,5.0,2.0,2.3806451612903228,4.886025119029199,3.656366395715726,1.4927053303604616,5.641895835477563,57,73,683,694,155,8.380645161290323
596,694.0093457943925,682.609633357297,12.093267900527058,9.358663476514351,-0.49211430168509385,1391.0,6.0,2.0,2.345699831365936,8.51907589177983,7.735777827895049,2.876813695875796,11.914957374576321,672,714,664,711,593,4.345699831365936
597,8.453681710213777,696.6167854315123,4.354705721693552,4.068953589076641,1.3007736320498677,1263.0,9.0,4.0,3.946875,6.457444935117649,5.382025607773058,2.111004122822376,8.462843753216344,0,20,687,708,320,5.946875
598,540.833061760841,664.1676215505913,11.167247250274224,8.369168629194137,1.0208690960141107,19025.0,42.0,8.0,10.902578796561604,9.474354220939228,10.57008845991889,3.949327084834294,18.712051592547777,519,566,641,709,1745,14.902578796561604
599,649.5660218671152,702.7493692178301,5.439330659079439,3.083809314358349,-1.3577860529422818,1189.0,8.0,5.0,4.436567164179104,7.2909362219603215,5.352372348458314,2.1850968611841584,8.117274569709014,642,656,691,715,268,5.436567164179104
600,971.6811594202899,698.3913043478261,2.832016873655602,1.5789293718742994,-0.33157810161432555,69.0,2.0,1.0,1.1311475409836065,3.9088200952233594,2.326213245840639,0.9772050238058398,3.6125759969217834,967,979,693,701,61,5.131147540983607
601,79.73939732142857,675.6746651785714,12.059707939775846,6.698394027528085,-0.3711397526233292,1792.0,8.0,2.0,2.597101449275362,7.463526651802308,7.958873497585845,2.9316150714175193,12.666024736934256,55,111,660,696,690,4.597101449275362
602,307.90188679245284,693.5811320754717,2.400376354160861,1.9299779615124366,-0.07979426549749762,265.0,7.0,3.0,2.912087912087912,3.0901936161855166,2.5854414729132054,0.9772050238058398,4.296739856991561,302,313,689,698,91,8.912087912087912
603,366.4039735099338,694.7763061074319,5.048619472435173,3.689001262033125,0.16349630118324457,1359.0,14.0,4.0,4.670103092783505,5.077706251929807,4.61809077155419,1.7841241161527712,7.817640190446719,357,389,685,706,291,6.670103092783505
604,383.1818181818182,700.7727272727273,1.798325295146113,1.1279292885532994,0.7225674986293789,44.0,3.0,1.0,1.1,2.0342144725641096,1.7841241161527712,0.5641895835477563,2.8209479177387813,380,387,698,704,40,5.1
605,449.72379032258067,706.7600806451613,4.2423777585837,2.314364080358991,-1.3478818674287258,496.0,6.0,3.0,3.2,5.641895835477563,3.989422804014327,1.5957691216057308,6.206085419025319,444,455,698,715,155,6.2
606,815.0163438256659,689.4909200968523,10.096039800562833,4.712498839046129,0.08957190419552782,1652.0,9.0,2.0,2.7037643207855973,5.917270272703197,6.886811529393324,2.5854414729132054,11.821084554078958,800,842,672,701,611,4.703764320785598
607,1021.7391304347826,704.2173913043479,6.551882718895982,0.7524736411615323,1.3845373518696982,23.0,2.0,0.0,0.5,2.5231325220201604,1.5957691216057308,0.5641895835477563,2.326213245840639,1019,1023,696,715,46,3.5
608,433.8678629690049,687.6035889070147,13.073882718375135,8.886672152838196,0.14438338521048436,1839.0,5.0,2.0,1.998913043478261,9.18434101276213,9.338999347593866,3.5682482323055424,15.065024024177417,400,460,667,718,920,3.998913043478261
609,553.4682080924855,699.235838150289,4.209275998273925,3.032614795028494,-0.3491647429687267,865.0,8.0,4.0,3.967889908256881,6.231677632421503,4.61809077155419,1.8712051592547776,7.024103669400641,545,563,692,707,218,11.96788990825688
610,769.2320675105485,709.5189873417721,2.5346256903354965,2.113683820466619,0.9625993017952676,237.0,7.0,2.0,2.4183673469387754,2.6462837142006137,2.876813695875796,0.9772050238058398,4.54864184146723,764,774,704,715,98,5.418367346938775
611,88.14536516853933,723.8174157303371,17.735333854848523,3.87511636045283,-0.8052447011572312,1424.0,6.0,2.0,2.3421052631578947,8.574939283076915,7.158763278359629,2.7057581899030048,12.047792665040703,56,105,702,755,608,4.342105263157895
612,285.0357917570499,701.3470715835141,6.571783906351972,2.9318179458319475,-1.3148130004188296,922.0,10.0,4.0,4.116071428571429,5.014626706796775,4.686510657907603,1.7841241161527712,7.377736139048903,276,291,688,712,224,14.116071428571429
613,35.82539682539682,708.5132275132275,3.4870155303923096,1.883303996143651,-0.5678745795854576,189.0,4.0,1.0,1.56198347107438,3.949327084834294,2.985410660720923,1.1283791670955126,5.108953969950291,30,44,702,714,121,5.56198347107438
614,588.2090517241379,707.2672413793103,3.1879732767820568,2.3052935219122954,-0.3898680689036687,464.0,7.0,4.0,3.8666666666666667,4.61809077155419,3.523362819972964,1.381976597885342,5.352372348458314,581,595,702,713,120,6.866666666666666
615,840.030303030303,711.8787878787879,1.5812712797399313,1.205681325112502,0.8513840744323735,33.0,3.0,1.0,0.717391304347826,1.2615662610100802,1.7841241161527712,0.5641895835477563,2.7057581899030048,836,843,708,715,46,3.717391304347826
616,965.7939698492462,745.3442211055276,16.842224466343513,5.044124805087127,1.4197025928227807,2388.0,8.0,3.0,2.891041162227603,9.423823971471327,8.812923024107548,3.2897623212397704,13.945871807036522,953,980,715,783,826,4.891041162227603
617,29.813305827746262,778.9057503867973,24.54133001011497,13.958026205179682,0.9391387904692229,7756.0,12.0,2.0,3.1048839071257004,11.603666741842574,13.58748446131949,4.982787485166879,23.06976657227589,0,88,697,855,2498,5.104883907125701
618,184.93036437246963,703.9275303643725,9.172780490237889,5.725307581848951,1.5673237186726305,2470.0,11.0,3.0,3.5488505747126435,7.225151993843567,7.377736139048903,2.763953195770684,12.463355264843006,169,201,688,731,696,5.5488505747126435
619,686.3030303030303,717.8787878787879,1.62929054022272,1.3357945718344333,0.1488615682834264,33.0,2.0,0.0,0.5238095238095238,2.9316150714175193,1.7841241161527712,0.5641895835477563,2.7057581899030048,681,690,713,722,63,3.5238095238095237
620,759.6460348162476,729.816247582205,5.7580897973275,2.627898111585905,1.1472993512466125,517.0,4.0,2.0,2.3824884792626726,7.399277020331919,4.853342309955121,1.9544100476116797,7.2909362219603215,752,768,719,740,217,4.382488479262673
621,871.560141509434,705.2594339622641,7.948986944405001,2.965961708943338,-1.3345270532720988,848.0,7.0,2.0,2.4367816091954024,5.140011726956917,5.613615477764332,2.1850968611841584,9.079772052293041,864,882,681,719,348,4.436781609195402
622,205.52727272727273,719.1818181818181,1.6949553740320678,1.488640957366074,-0.09109718081739573,55.0,3.0,1.0,1.4864864864864864,2.256758334191025,1.8712051592547776,0.5641895835477563,3.0382538898732494,201,209,716,722,37,3.4864864864864864
623,523.1278481012658,714.4924050632911,7.481220818775482,2.5705972487584985,-0.06105005531647306,790.0,6.0,2.0,2.7147766323024056,6.723094811029982,5.232078956954491,2.0342144725641096,8.291859587312052,510,537,708,720,291,4.714776632302406
624,1021.829268292683,726.9024390243902,1.9515056455259412,1.161068562485866,1.4980012752552971,41.0,3.0,1.0,0.7321428571428571,1.7841241161527712,1.692568750643269,0.5641895835477563,2.8209479177387813,1017,1023,720,732,56,3.732142857142857
625,810.1340909090909,726.9045454545454,6.653213749521514,3.3795400907011075,0.6880423665139519,880.0,6.0,3.0,2.7936507936507935,7.225151993843567,5.527906391541368,2.1850968611841584,8.574939283076915,799,823,717,739,315,4.7936507936507935
626,906.0865051903114,712.3252595155709,6.804081072918469,2.2313106250078647,0.9860675745276836,289.0,4.0,2.0,2.172932330827068,6.076507779746499,4.029119531035698,1.5957691216057308,5.890312181373172,897,914,704,722,133,5.172932330827067
627,671.0,722.4782608695652,1.7897358691149676,1.06457947127995,0.6551557979520083,23.0,2.0,0.0,0.4791666666666667,2.6462837142006137,1.7841241161527712,0.5641895835477563,2.4592453796829674,666,676,720,726,48,3.4791666666666665
628,120.95238095238095,729.4557823129252,4.655018825684511,2.642865910383416,0.5802062615323405,294.0,3.0,2.0,1.68,5.863230142835039,4.61809077155419,1.692568750643269,6.770275002573076,113,130,721,735,175,3.68
629,477.1625615763547,712.5711548987412,11.27809973955034,7.217171449620455,1.284456948935729,3654.0,13.0,2.0,3.654,7.377736139048903,8.156394191823509,3.0901936161855166,14.461313744703505,448,500,692,745,1000,5.654
630,841.8641699273337,743.3655673560648,8.506649176487434,5.668963769442939,-1.5647491837775958,1789.0,8.0,3.0,3.10051993067591,8.500373177909337,7.356132180109627,2.876813695875796,11.437891554894984,829,855,728,760,577,7.10051993067591
631,411.8820614469772,724.5901883052527,5.5791838503118525,4.54288780866733,-1.4075975867308574,2018.0,16.0,3.0,4.284501061571126,5.077706251929807,5.781222885281108,2.111004122822376,10.139728459745083,400,426,711,737,471,6.284501061571126
632,782.1467889908257,725.3577981651376,4.368323170688343,1.6610273416286376,0.5167607073149489,109.0,2.0,1.0,1.0480769230769231,5.292567428401227,3.2410224072142872,1.2615662610100802,4.950743503369154,776,790,721,731,104,4.048076923076923
633,934.4211647177264,703.2647719352591,16.6451910244706,10.545066054077168,-0.9665676223357509,25826.0,53.0,4.0,10.623611682435213,10.092530088080641,10.57008845991889,4.068428945128219,20.263754666327017,886,981,672,794,2431,11.623611682435213
634,310.4108527131783,728.8759689922481,2.536224981753986,1.9833725812232865,-0.31299597696861514,129.0,4.0,1.0,1.5542168674698795,3.431831258788849,2.763953195770684,0.9772050238058398,4.51351666838205,304,316,725,734,83,7.554216867469879
635,990.3051409618574,719.9436152570481,9.990267610931406,4.056248885565732,1.0586872028877314,603.0,5.0,2.0,1.7478260869565216,4.950743503369154,5.917270272703197,2.393653682408596,9.474354220939228,980,1002,703,734,345,3.747826086956522
636,565.0025510204082,727.5586734693877,7.112927154815192,2.8243225379779284,-1.2964564620320589,392.0,4.0,1.0,1.3611111111111112,5.725898905580716,4.406461512053774,1.692568750643269,7.506054213402069,557,575,709,740,288,5.361111111111111
637,910.964664310954,755.7491166077739,9.390168634622931,8.287594152561507,-1.442130628314165,1415.0,8.0,2.0,2.319672131147541,5.382025607773058,7.269074295019226,2.5854414729132054,11.994835078277376,888,923,733,777,610,5.319672131147541
638,607.6194968553459,732.2688679245283,5.852925396701937,2.994139432607073,-0.11043028404279351,636.0,5.0,2.0,2.3468634686346865,5.808687281605183,4.982787485166879,1.9544100476116797,8.018640596081465,595,623,724,740,271,4.3468634686346865
639,159.49418604651163,735.4476744186046,4.327306651295473,1.853223158430085,0.37218383000883726,172.0,2.0,2.0,1.5087719298245614,5.997417539138688,3.656366395715726,1.5957691216057308,5.499039842323396,152,167,731,740,114,3.508771929824561
640,515.1491228070175,748.7609649122807,7.396064336027984,3.1597797122546067,-0.014260314772238412,456.0,4.0,2.0,1.7207547169811321,6.93287767191607,5.440847306724618,1.9544100476116797,8.33015937350939,497,527,740,756,265,3.720754716981132
641,682.4627450980392,740.4735294117647,6.427592716472148,4.0893983588878005,-0.5081749017499743,1020.0,11.0,2.0,3.0177514792899407,3.7846987830302403,5.201570947860099,1.7841241161527712,8.83096382707056,665,694,725,750,338,5.017751479289941
642,718.1648044692737,739.7011173184358,7.581830313338707,2.4997039305890283,-0.43319194595047467,358.0,5.0,1.0,1.5911111111111111,3.7846987830302403,4.370193722368317,1.5957691216057308,7.001408606295148,707,735,732,749,225,4.591111111111111
643,943.1315789473684,735.8421052631579,2.419697463333337,1.1110352676934958,0.7874215336412681,38.0,3.0,0.0,0.37623762376237624,1.7841241161527712,1.5957691216057308,0.5641895835477563,2.7057581899030048,937,947,732,743,101,4.376237623762377
644,5.858974358974359,728.4123931623932,7.284531956234939,3.0794183401925297,-0.884163322576272,936.0,9.0,2.0,2.8363636363636364,4.787307364817192,4.583497844237541,1.7841241161527712,8.018640596081465,0,24,712,742,330,6.836363636363636
645,115.28157894736842,750.1447368421053,3.2288646566809307,2.711668294640505,-0.6599638883613487,380.0,6.0,2.0,2.0652173913043477,4.583497844237541,3.656366395715726,1.381976597885342,5.863230142835039,108,122,740,757,184,5.065217391304348
646,229.36878048780488,734.3082926829268,4.306761999338329,3.379605489460992,1.2015828200403509,1025.0,9.0,3.0,3.713768115942029,5.641895835477563,4.720348719413148,1.8712051592547776,7.817640190446719,222,239,723,743,276,5.713768115942029
647,460.5979381443299,733.7264076130056,7.5095502916645565,3.8800161552714147,-0.007399546365898444,1261.0,8.0,3.0,3.200507614213198,7.091753098990329,6.180387232371033,2.393653682408596,9.755749892701914,448,479,726,743,394,6.200507614213198
648,901.4596774193549,748.3387096774194,3.5488292690782126,1.643396174154479,0.24964450575001557,124.0,3.0,1.0,1.2653061224489797,3.5682482323055424,2.876813695875796,1.1283791670955126,4.478115991081385,893,909,744,753,98,7.26530612244898
649,92.11111111111111,749.9666666666667,2.5757772389371163,1.3193952077020514,0.1529812173195334,90.0,3.0,1.0,1.7647058823529411,2.763953195770684,2.111004122822376,0.7978845608028654,3.5682482323055424,88,97,747,753,51,3.764705882352941
650,384.15424836601306,737.918954248366,4.562307133478209,4.124463819427,0.3355009737926374,765.0,5.0,2.0,2.674825174825175,6.6755811781245455,5.262410103554244,2.1850968611841584,8.234075889688375,372,393,729,747,286,4.674825174825175
651,62.145833333333336,746.75,2.5945342027840863,1.6574452960723114,-0.7409508705830763,48.0,2.0,1.0,0.7384615384615385,3.6996385101659595,2.393653682408596,0.7978845608028654,3.477898169151024,58,67,742,751,65,5.7384615384615385
652,647.1371742112483,739.5829903978052,8.325545342781327,3.923670129187568,1.1917126439709511,729.0,5.0,2.0,2.2158054711246202,5.944106103225343,5.808687281605183,2.256758334191025,8.991702346646203,636,659,724,753,329,4.21580547112462
653,746.3034188034188,744.2991452991453,2.781927085453637,2.3347645882744854,-1.1006064546757324,234.0,5.0,2.0,2.207547169811321,3.385137501286538,3.141274657157109,1.1283791670955126,5.077706251929807,741,751,737,750,106,4.2075471698113205
654,331.5,746.6666666666666,2.03938493401522,1.6453178134412523,0.0,132.0,4.0,2.0,2.2,3.742410318509555,2.4592453796829674,0.9772050238058398,3.6125759969217834,328,335,743,750,60,5.2
655,663.737012987013,761.9902597402597,3.948934894801268,2.499149268052593,-1.1586537456815065,308.0,4.0,2.0,2.026315789473684,5.556622981616415,3.9088200952233594,1.4927053303604616,6.154581744998688,658,670,753,771,152,5.026315789473684
656,260.5927299703264,747.8686943620178,9.74736784153819,6.563550169399627,1.0986542719114314,1348.0,8.0,2.0,2.717741935483871,6.651697090182843,6.231677632421503,2.393653682408596,10.660048281673648,246,280,733,772,496,5.717741935483871
657,395.7708422402736,776.9516887558785,9.24513136740411,4.842921358698061,-1.270479086004615,2339.0,9.0,4.0,4.154529307282416,8.349243383340204,7.334464586120832,2.985410660720923,11.767106717028996,383,412,752,792,563,7.154529307282416
658,695.7109634551495,762.9551495016611,7.128511463218302,3.6908029534665103,-0.9503172275326975,602.0,4.0,2.0,2.15,8.462843753216344,5.670035141386943,2.1850968611841584,8.387281135541944,686,707,752,776,280,4.15
659,76.64217252396166,764.9680511182108,3.6244816193543836,1.8120685759870578,-1.305410316222202,313.0,6.0,2.0,2.7217391304347824,4.222008245644752,3.2410224072142872,1.2615662610100802,5.108953969950291,72,81,756,772,115,4.721739130434782
660,193.6286307053942,748.4834024896265,4.864598052555442,2.5736829067410483,1.348330764918828,482.0,4.0,2.0,2.536842105263158,7.001408606295148,4.51351666838205,1.9544100476116797,6.817128675830715,187,199,740,760,190,4.536842105263158
661,220.5,755.5,2.29128784747792,1.118033988749895,-0.0,32.0,1.0,1.0,0.6530612244897959,3.1915382432114616,2.1850968611841584,0.9772050238058398,2.985410660720923,218,224,752,759,49,3.6530612244897958
662,235.5,763.5,1.38443731048547,0.9574271077360728,0.0,24.0,2.0,1.0,0.8,2.5231325220201604,1.4927053303604616,0.5641895835477563,2.326213245840639,233,239,761,766,30,3.8
663,448.9054545454545,758.6618181818181,4.385777143032564,2.3005569233340606,1.1590596428498534,275.0,6.0,2.0,1.9927536231884058,3.2410224072142872,3.431831258788849,1.2615662610100802,5.863230142835039,443,455,748,766,138,3.9927536231884058
664,547.8956310679612,759.2815533980582,6.281904678854633,2.081689397084405,-0.9898601153770563,412.0,5.0,3.0,2.54320987654321,5.140011726956917,4.259537945889915,1.692568750643269,6.358093703724522,541,555,749,769,162,5.54320987654321
665,573.8847262247839,762.940441882805,4.8629851042366665,2.717265540548916,-0.20297508446127405,1041.0,10.0,4.0,4.301652892561983,5.753627391751592,4.61809077155419,1.7841241161527712,7.269074295019226,563,584,757,770,242,6.301652892561983
666,342.60526315789474,765.0,2.1187915864308002,1.2192144955503779,-0.8069683362698723,38.0,2.0,1.0,0.9743589743589743,3.1915382432114616,1.9544100476116797,0.5641895835477563,2.985410660720923,338,345,761,767,39,3.9743589743589745
667,619.4982911825017,771.1985645933014,9.863316673964102,7.191910117839205,0.42860467706852523,2926.0,11.0,3.0,3.390498261877173,6.282549314314218,8.500373177909337,3.0382538898732494,14.339741506551949,593,638,753,798,863,5.390498261877172
668,272.8,763.5,2.29128784747792,0.7483314773435097,-1.570796326788691,40.0,2.0,0.0,0.5405405405405406,2.763953195770684,1.692568750643269,0.5641895835477563,2.4592453796829674,265,276,758,768,74,6.54054054054054
669,300.10513447432766,762.3553382233089,6.6795691152520495,3.5635902764309715,1.1985898819838754,1227.0,11.0,3.0,3.945337620578778,4.720348719413148,5.170882945826411,1.9544100476116797,8.574939283076915,289,310,752,778,311,9.945337620578778
670,477.2283950617284,763.7037037037037,6.0402550849904175,3.5804758277775055,0.4180853422756291,324.0,3.0,2.0,1.5804878048780489,6.050259243299904,4.982787485166879,2.0342144725641096,7.377736139048903,467,489,753,771,205,3.580487804878049
671,971.9592760180996,766.420814479638,2.2066687225489168,1.7978912276136572,-1.2219410567812583,221.0,7.0,3.0,2.9864864864864864,3.0382538898732494,2.5231325220201604,0.9772050238058398,4.029119531035698,968,977,761,771,74,8.986486486486486
672,2.6901709401709404,780.650641025641,4.525498886876932,2.0562334830712308,-1.4731265066305366,936.0,13.0,4.0,5.777777777777778,4.3336224206596095,3.6125759969217834,1.4927053303604616,5.970821321441846,0,8,770,790,162,13.777777777777779
673,1016.5137555982086,754.1868202175303,7.856649160603197,4.147836020675538,1.4805073475369115,1563.0,9.0,3.0,3.6180555555555554,7.046725639945928,6.076507779746499,2.393653682408596,9.557977680176279,1006,1023,741,792,432,5.618055555555555
674,112.71314102564102,782.0817307692307,4.310418218714749,2.7487607688512736,-0.44862772144033203,624.0,8.0,3.0,3.12,5.4115163798060095,4.406461512053774,1.692568750643269,6.699380116989518,104,122,775,789,200,5.12
675,536.380258126195,793.4416826003824,14.865736063306821,10.663091544462102,0.1457346857299499,4184.0,8.0,3.0,3.689594356261023,12.334995970645954,11.098915530497878,4.222008245644752,17.12201521945566,512,577,773,819,1134,5.689594356261023
676,648.9935064935065,778.8896103896104,2.645519757051901,2.4828052397573814,-0.6721010004986762,308.0,6.0,3.0,2.9615384615384617,4.406461512053774,3.1915382432114616,1.2615662610100802,5.046265044040321,643,654,772,783,104,4.961538461538462
677,191.87669094693027,786.1404786680541,10.282135380453791,4.583118969255128,0.47604054338104757,1922.0,9.0,2.0,3.0801282051282053,7.247146419131151,7.091753098990329,2.763953195770684,11.507254783503184,168,210,768,799,624,5.080128205128205
678,964.2105263157895,775.2631578947369,1.4638256902916105,1.172697697009373,0.7577156396296196,57.0,5.0,1.0,1.7272727272727273,1.4927053303604616,1.5957691216057308,0.5641895835477563,2.7057581899030048,962,967,773,779,33,7.7272727272727275
679,780.675,772.984375,13.989963338764356,4.891324630346755,-0.4989437835211375,640.0,5.0,1.0,1.671018276762402,4.652426491681278,5.670035141386943,1.9544100476116797,9.788323438736636,758,801,750,797,383,6.671018276762402
680,328.44642857142856,785.9910714285714,2.055366297851438,1.2447110020613488,0.5023775207867182,112.0,6.0,2.0,2.036363636363636,2.393653682408596,1.8712051592547776,0.5641895835477563,3.1915382432114616,324,332,782,789,55,5.036363636363636
681,799.3173878072926,822.0435262332949,31.594445488027365,25.57835281018229,0.17171320838002652,96976.0,57.0,6.0,10.316595744680852,15.347615963921077,22.74320920733615,7.756324418739616,45.65057310533218,736,889,717,892,9400,10.316595744680852
682,899.304347826087,785.6583850931677,2.3619406765217654,2.0340535232021195,-1.384399997285425,161.0,4.0,2.0,1.6770833333333333,3.989422804014327,2.763953195770684,1.1283791670955126,4.296739856991561,894,905,781,791,96,5.677083333333333
683,1021.1022364217253,782.6517571884984,4.101380938409241,1.7537682429433832,-1.4844015659506347,313.0,7.0,2.0,2.4645669291338583,3.3377905890622728,3.0382538898732494,1.1283791670955126,4.918490759365935,1014,1023,769,791,127,6.464566929133858
684,938.034,778.92,5.5244754519063255,3.7465470744924474,0.4997358827282304,1000.0,8.0,3.0,3.289473684210526,6.257165172872317,5.170882945826411,2.0342144725641096,8.311031542587394,921,947,768,789,304,5.2894736842105265
685,255.75675675675674,791.0202702702703,2.381735675992454,1.7097258305865963,0.9632287801752483,148.0,5.0,2.0,2.3125,2.9316150714175193,2.393653682408596,0.7978845608028654,3.826519928662906,251,259,786,796,64,4.3125
686,52.38636363636363,786.8181818181819,2.374055506748394,1.1578500115220451,0.09092699593341866,44.0,2.0,1.0,0.88,3.2410224072142872,1.7841241161527712,0.7978845608028654,2.985410660720923,48,58,784,789,50,7.88
687,567.1012891344383,794.5082872928177,3.9721218546816037,2.7127088027247206,-0.33208701320958567,543.0,6.0,3.0,3.290909090909091,5.753627391751592,4.145929793656026,1.692568750643269,6.358093703724522,560,575,788,800,165,7.290909090909091
688,882.45,788.4,1.466103279506849,1.2992463868883937,-0.06520165376822645,40.0,2.0,1.0,1.1764705882352942,2.985410660720923,1.692568750643269,0.5641895835477563,2.7057581899030048,880,886,786,791,34,4.176470588235294
689,928.656626506024,800.9156626506024,10.192323713929483,2.7843425332575213,1.2455738587014464,498.0,6.0,2.0,2.075,4.950743503369154,4.478115991081385,1.5957691216057308,7.673807981960539,920,937,789,823,240,4.075
690,161.53132530120482,797.0072289156626,5.114614687250696,3.02089848350444,-0.44389545173244305,830.0,8.0,3.0,3.32,5.698035485213008,4.753945931439391,1.7841241161527712,7.653039857325812,148,171,789,805,250,5.32
691,731.588062211013,773.5124001681379,9.744326667144948,8.649814908769171,-0.8862901212990123,4758.0,11.0,4.0,4.001682085786375,9.373021315815206,10.600159896099592,3.949327084834294,16.85029431422316,711,752,752,806,1189,6.001682085786375
692,673.5588235294117,795.1176470588235,2.1791111627564765,0.8128001542168467,-0.9132252791382195,34.0,3.0,1.0,1.0303030303030303,1.692568750643269,1.4927053303604616,0.5641895835477563,2.4592453796829674,671,677,792,798,33,4.03030303030303
693,139.0787878787879,791.5575757575757,2.2635039125458216,2.2064774396789355,-1.3162813655976715,165.0,4.0,2.0,2.037037037037037,3.8678889139475245,2.8209479177387813,1.1283791670955126,4.478115991081385,135,143,787,796,81,4.037037037037037
694,228.7578125,791.0703125,3.023537550806466,1.767129606466582,0.792456088591737,128.0,3.0,2.0,1.641025641025641,3.656366395715726,2.9316150714175193,1.1283791670955126,4.51351666838205,224,234,785,796,78,3.641025641025641
695,761.697247706422,790.559633027523,2.6273160240367077,1.5488009721471765,1.5147289204498613,109.0,4.0,2.0,1.8793103448275863,3.431831258788849,2.4592453796829674,0.7978845608028654,3.7846987830302403,759,765,786,796,58,7.879310344827586
696,684.6465517241379,807.0862068965517,4.088335726554748,1.9448557836178952,1.341132610832362,232.0,4.0,2.0,1.6453900709219857,4.918490759365935,3.385137501286538,1.2615662610100802,5.352372348458314,680,690,800,815,141,4.6453900709219855
697,974.1102362204724,795.1181102362204,3.086181474444359,1.8359307441476174,1.5485938635190817,127.0,3.0,1.0,1.0672268907563025,3.385137501286538,2.9316150714175193,1.1283791670955126,4.686510657907603,970,979,788,803,119,4.067226890756302
698,335.4736842105263,796.8631578947368,2.531911252041592,1.9136646499421643,0.528205314430441,190.0,6.0,1.0,1.6379310344827587,3.141274657157109,2.7057581899030048,0.9772050238058398,4.442433223290478,328,342,792,803,116,4.637931034482759
699,868.1815718157181,800.1815718157181,3.01808343859947,2.757847623426344,-1.2289694484807125,369.0,6.0,2.0,2.5448275862068965,4.51351666838205,3.5682482323055424,1.381976597885342,5.808687281605183,862,876,793,807,145,4.544827586206897
700,955.7183098591549,800.8732394366198,2.453774916110814,1.8375333552161428,1.1923412016564268,142.0,4.0,2.0,1.5777777777777777,3.949327084834294,2.7057581899030048,1.1283791670955126,4.145929793656026,952,960,795,806,90,4.5777777777777775
701,653.3888888888889,812.7222222222222,2.6180121616441023,1.8030392655496061,-0.7339102461946729,90.0,3.0,1.0,1.2,2.4592453796829674,2.4592453796829674,0.7978845608028654,4.1841419359420025,648,657,807,817,75,5.2
702,974.373501577287,823.4296529968454,6.413476991714232,4.955765484408814,0.6395240319634355,3170.0,16.0,5.0,5.630550621669627,7.225151993843567,6.6755811781245455,2.5231325220201604,10.925484305920792,958,988,808,839,563,7.630550621669627
703,499.5,803.3333333333334,2.3707320325935153,2.1773242157914274,0.0,216.0,5.0,1.5,1.8,3.742410318509555,2.9316150714175193,1.1283791670955126,4.583497844237541,494,505,798,809,120,4.8
704,809.7169517884914,803.2410575427683,2.626122328980791,2.2487805298674104,-0.8691296102048071,643.0,13.0,5.0,5.591304347826087,3.5682482323055424,3.0901936161855166,1.2615662610100802,4.918490759365935,804,815,798,810,115,29.591304347826085
705,111.90459363957598,823.0565371024735,5.139433678358064,2.892918189601734,-1.5699203170959988,283.0,4.0,1.0,1.407960199004975,5.046265044040321,4.1073621666150775,1.4927053303604616,6.6755811781245455,105,118,810,832,201,4.407960199004975
706,248.56553911205074,821.4090909090909,7.93486058342998,5.862987058965535,0.5489999351931453,2838.0,11.0,4.0,4.119013062409289,7.978845608028654,7.54834217738561,2.9316150714175193,12.296226898414837,222,263,803,839,689,6.119013062409289
707,318.75,809.2083333333334,1.3145180016689018,1.0203625069241273,-1.0909682278072745,24.0,3.0,1.0,0.75,1.381976597885342,1.2615662610100802,0.0,2.111004122822376,316,322,806,814,32,3.75
708,31.803619909502263,820.9656108597285,4.190292778097026,3.121792767573919,-0.22395382807322656,1105.0,11.0,4.0,4.367588932806324,5.077706251929807,4.54864184146723,1.7841241161527712,7.334464586120832,23,42,813,829,253,6.367588932806324
709,70.71497584541063,811.1642512077294,2.626409315175568,2.0790044003549686,1.4521065045596069,207.0,4.0,2.0,2.4939759036144578,4.720348719413148,3.0382538898732494,1.2615662610100802,4.54864184146723,67,75,805,816,83,5.493975903614458
710,346.7105263157895,818.8421052631579,1.6931063498143661,1.0994888142696178,-0.6174550520549819,38.0,2.0,1.0,0.9047619047619048,2.985410660720923,1.692568750643269,0.5641895835477563,2.763953195770684,344,351,816,822,42,5.904761904761905
711,230.1818181818182,819.5,2.29128784747792,1.7486712783332943,-0.0,88.0,2.0,1.0,1.2054794520547945,4.222008245644752,2.5854414729132054,1.1283791670955126,3.8678889139475245,226,234,815,823,73,5.205479452054795
712,662.4608361178025,852.4631673012666,40.06163638403383,12.58764138864395,0.44197151571419546,25738.0,38.0,3.0,5.505454545454546,8.920620580763856,16.41006287957139,4.853342309955121,32.67919319913847,510,742,772,895,4675,6.505454545454546
713,715.710033076075,826.7530319735391,4.5873880290637965,3.325156017149979,0.14544697777180002,907.0,7.0,4.0,3.642570281124498,6.4820448144285745,4.918490759365935,1.9544100476116797,7.569397566060481,707,727,818,835,249,5.642570281124498
714,71.82231404958678,837.1198347107438,6.725292528566071,5.477979034903437,0.18863646110367716,726.0,6.0,2.0,2.3648208469055376,6.023896332520351,5.4115163798060095,2.0342144725641096,8.611980229936854,60,87,822,851,307,5.364820846905538
715,135.98028169014086,828.8760563380282,4.592279447252757,2.403520080242653,1.1237075988710479,355.0,5.0,2.0,2.1646341463414633,4.029119531035698,3.8678889139475245,1.4927053303604616,6.3078313050504,129,141,822,839,164,4.164634146341464
716,370.25760286225403,809.1311866428146,5.484663737845433,3.3334929685656003,1.420669988809286,1677.0,11.0,4.0,4.791428571428572,6.457444935117649,5.262410103554244,2.1850968611841584,8.537737635702333,359,378,797,823,350,7.791428571428572
717,1017.4364820846905,827.7882736156351,3.111661202364563,2.4983652675855046,0.2978980710082066,307.0,5.0,2.0,2.3435114503816794,4.296739856991561,3.6125759969217834,1.381976597885342,5.613615477764332,1011,1023,822,833,131,4.343511450381679
718,829.0229885057471,832.6456771614193,4.681910489083666,3.2313924087085244,-0.8218031857887795,2001.0,15.0,7.0,7.49438202247191,6.257165172872317,5.014626706796775,2.0342144725641096,7.837972188868215,819,837,822,841,267,18.49438202247191
719,200.51605504587155,824.5940366972477,5.866509650210368,2.4795883437400086,0.273703770241499,436.0,6.0,2.0,2.294736842105263,4.652426491681278,4.145929793656026,1.4927053303604616,6.770275002573076,188,209,819,832,190,4.294736842105263
720,525.0310559006211,834.9565217391304,2.688742662627428,2.169261686576719,1.2632767820418704,161.0,3.0,2.0,1.788888888888889,3.9088200952233594,2.985410660720923,1.2615662610100802,4.787307364817192,520,529,829,840,90,3.7888888888888888
721,602.4375,811.2104007633587,11.69320507493243,7.732335063560944,-1.286167676706011,2096.0,9.0,2.0,2.9857549857549857,6.699380116989518,7.797255174810172,2.9316150714175193,13.037541149394091,581,617,788,846,702,5.985754985754986
722,625.0391705069125,825.9873271889401,6.7216157514066985,3.135420158895677,0.25788089339385994,868.0,9.0,3.0,2.8366013071895426,3.989422804014327,5.108953969950291,1.8712051592547776,8.234075889688375,611,637,819,834,306,6.836601307189542
723,81.63975155279503,826.8509316770186,2.056835055939593,1.7874755930339263,-0.009873511471222948,161.0,5.0,2.0,2.267605633802817,3.141274657157109,2.4592453796829674,0.9772050238058398,3.826519928662906,77,86,823,831,71,7.267605633802817
724,695.3172205438067,832.1329305135952,6.260478996490945,1.9516529560829632,1.2955857197140315,331.0,4.0,2.0,1.9132947976878614,5.781222885281108,4.068428945128219,1.5957691216057308,6.457444935117649,690,702,823,846,173,4.913294797687861
725,951.314606741573,836.1348314606741,2.7199456525643755,1.9152700388720827,1.1340977656264757,267.0,6.0,3.0,3.56,4.3336224206596095,2.9316150714175193,1.1283791670955126,4.370193722368317,947,955,830,841,75,4.56
726,188.79545454545453,839.4772727272727,1.5653753921847455,1.4006391270312875,-0.17592090157146098,44.0,2.0,1.0,1.2222222222222223,3.1915382432114616,1.7841241161527712,0.7978845608028654,2.9316150714175193,186,193,837,842,36,4.222222222222222
727,459.33398058252425,825.831715210356,10.65379231078073,4.509847405554656,-0.19563222177388112,3090.0,10.0,3.0,3.8054187192118225,9.591222920311857,8.291859587312052,3.2410224072142872,13.458020851469092,438,487,815,840,812,5.805418719211823
728,728.0512820512821,843.5897435897435,2.2523977680118086,1.3911331004886147,-1.5119971564833459,39.0,1.0,1.0,0.75,3.523362819972964,2.4592453796829674,0.9772050238058398,3.3377905890622728,725,731,840,847,52,3.75
729,101.64788732394366,841.4366197183099,3.2927004578102568,1.2885670291000297,-0.22894438671269537,71.0,3.0,1.0,1.0289855072463767,2.6462837142006137,2.326213245840639,0.9772050238058398,3.5682482323055424,93,107,838,844,69,5.028985507246377
730,159.69545032497678,829.8421541318477,8.967823561388734,2.954142128400782,-0.9257899658745256,1077.0,7.0,2.0,2.699248120300752,5.944106103225343,5.556622981616415,2.1850968611841584,9.52461639974967,147,175,811,842,399,4.6992481203007515
731,267.4080459770115,841.3275862068965,3.8829988080782534,2.0297217499016282,0.2876768536221872,174.0,4.0,1.0,1.4871794871794872,3.989422804014327,3.0382538898732494,1.1283791670955126,5.014626706796775,261,278,836,848,117,8.487179487179487
732,262.63860667634253,872.5936139332366,15.15907228402347,6.8036708271238435,-1.4057442768353445,1378.0,7.0,2.0,2.745019920318725,6.457444935117649,6.746726148605861,2.5231325220201604,10.925484305920792,253,281,834,891,502,6.745019920318725
733,24.322580645161292,856.6693548387096,17.11339030938627,4.781707245586963,1.4253237722806382,744.0,4.0,2.0,1.8146341463414635,8.703892974511014,6.579524642479541,2.5231325220201604,10.295493776366547,16,39,832,890,410,3.8146341463414632
734,2.897727272727273,838.9477272727273,8.108546550185475,2.0197004197581747,1.4687554988184683,440.0,4.0,2.0,2.1463414634146343,6.627726932618989,4.652426491681278,1.7841241161527712,7.069275219628611,0,8,822,852,205,4.146341463414634
735,141.385,858.87,3.0953875710051735,1.7171053506753151,0.3738482207651926,200.0,5.0,2.0,1.8018018018018018,3.477898169151024,2.876813695875796,1.1283791670955126,4.442433223290478,136,149,854,864,111,4.801801801801802
736,231.48529411764707,842.3566176470588,3.4106959062539555,2.140484242097727,1.2596825265804723,272.0,7.0,1.0,1.8503401360544218,3.141274657157109,2.9316150714175193,1.1283791670955126,4.686510657907603,226,240,836,855,147,4.850340136054422
737,562.009963768116,859.8731884057971,4.975849823172536,4.02518237505895,0.7828235537972271,1104.0,8.0,3.0,3.72972972972973,6.793742230659745,5.613615477764332,2.1850968611841584,8.685588237163813,552,573,851,871,296,4.72972972972973
738,167.9134438305709,859.4917127071823,6.577378840755019,4.663921737972236,-0.9831904477382206,543.0,7.0,2.0,2.3008474576271185,3.7846987830302403,4.442433223290478,1.5957691216057308,7.569397566060481,161,187,845,871,236,4.3008474576271185
739,206.6777251184834,851.555856465809,5.577964498162699,4.948504072642222,0.26439180374411403,1477.0,8.0,3.0,3.267699115044248,7.334464586120832,6.257165172872317,2.393653682408596,10.186708148166206,196,220,840,862,452,5.267699115044247
740,490.26150121065376,857.6101694915254,3.3894714435819404,2.4815238688786665,-0.021309147067092655,413.0,6.0,3.0,2.95,5.108953969950291,3.6996385101659595,1.381976597885342,5.781222885281108,483,498,852,863,140,4.95
741,591.2132352941177,861.8921568627451,3.3317741980612623,2.671843911549693,-0.5052010372749755,408.0,6.0,2.0,2.4727272727272727,4.950743503369154,3.6996385101659595,1.381976597885342,5.781222885281108,584,599,856,870,165,5.472727272727273
742,258.53225806451616,857.3951612903226,1.9114191827296676,1.6643103199667013,-1.186503095136422,124.0,5.0,2.0,2.175438596491228,2.6462837142006137,2.256758334191025,0.7978845608028654,3.5682482323055424,255,263,853,861,57,9.175438596491228
743,402.8401805869074,846.0559819413093,9.211411799769696,5.106605928345986,-1.3606301624820782,2215.0,14.0,3.0,3.825561312607945,5.670035141386943,6.231677632421503,2.256758334191025,11.451797811161432,388,414,833,871,579,7.825561312607944
744,466.3833333333333,854.2,3.172312662462778,2.136856240748041,1.5453187793378007,60.0,1.0,1.0,0.5825242718446602,4.370193722368317,3.0382538898732494,1.2615662610100802,4.1073621666150775,460,471,848,859,103,3.5825242718446604
745,58.888888888888886,863.8376068376068,2.1003271487535318,1.6777562144096039,-0.4165214128008593,117.0,4.0,1.0,1.3764705882352941,3.3377905890622728,2.326213245840639,0.7978845608028654,3.826519928662906,53,63,859,868,85,4.376470588235295
746,621.3810810810811,864.081081081081,5.397547858452147,3.208700868709831,0.46187723093431055,370.0,4.0,2.0,1.8974358974358974,6.206085419025319,4.296739856991561,1.692568750643269,6.723094811029982,607,629,857,872,195,5.897435897435898
747,931.4461538461538,861.0615384615385,1.7161130179543294,1.6379514961138537,-0.4605779474429857,65.0,3.0,2.0,1.5853658536585367,2.6462837142006137,2.111004122822376,0.7978845608028654,3.1915382432114616,928,935,857,864,41,3.5853658536585367
748,179.5,860.4,1.910497317454661,1.462873883877344,0.0,80.0,3.0,2.0,1.6666666666666667,2.985410660720923,2.1850968611841584,0.7978845608028654,3.3377905890622728,175,184,857,863,48,5.666666666666667
749,801.9016393442623,868.2131147540983,3.1677290092230366,1.4721517612697645,-1.5205881070080136,183.0,4.0,3.0,2.259259259259259,4.029119531035698,2.8209479177387813,1.1283791670955126,4.068428945128219,799,805,862,875,81,7.2592592592592595
750,780.1633663366337,875.1683168316831,3.8594293648467506,2.4139207909303,0.14303327034359298,202.0,3.0,1.0,1.6290322580645162,4.3336224206596095,3.2410224072142872,1.381976597885342,5.322553886092406,773,788,866,880,124,4.629032258064516
751,854.2942409331147,851.85638782577,10.857828150895378,7.4674130330725,0.37527355176432586,10974.0,35.0,7.0,9.958257713248639,7.356132180109627,9.0270333367641,3.2897623212397704,16.07692842495848,837,883,836,876,1102,18.95825771324864
752,99.401728844404,871.8161965423112,12.376529624107672,7.1093021642799945,0.12423521278950297,2198.0,8.0,3.0,3.4778481012658227,8.63044108762739,7.898654169668588,3.0901936161855166,12.84073677960901,71,134,849,893,632,4.477848101265823
753,28.329545454545453,871.8636363636364,2.3574317012861026,2.005904748282224,1.556313727987628,264.0,6.0,2.5,2.75,3.9088200952233594,2.763953195770684,1.1283791670955126,4.3336224206596095,24,33,866,878,96,6.75
754,228.3357142857143,863.1928571428572,3.0828641755345765,2.411945083821206,-1.4007869075188155,140.0,3.0,1.0,1.0606060606060606,3.477898169151024,3.1915382432114616,1.1283791670955126,5.108953969950291,223,235,857,871,132,4.0606060606060606
755,642.629213483146,867.8014981273408,4.615247162851878,1.936768548600392,1.4407858835526837,267.0,3.0,2.0,1.9071428571428573,5.292567428401227,3.7846987830302403,1.5957691216057308,5.917270272703197,638,647,859,878,140,7.9071428571428575
756,977.1793103448276,863.3620689655172,4.292025703174483,2.4264548256258043,1.0300357191030467,290.0,4.0,2.0,1.8125,5.201570947860099,3.9088200952233594,1.5957691216057308,6.358093703724522,971,983,855,871,160,3.8125
757,144.56906077348066,875.1546961325967,3.049409036162215,1.8312136612006127,0.12494729323437559,181.0,4.0,2.0,2.0804597701149423,4.222008245644752,2.876813695875796,1.1283791670955126,4.61809077155419,137,150,871,879,87,4.080459770114943
758,439.84084880636607,873.2997347480106,2.911861077061571,2.6306812626786504,-0.43892614663602686,377.0,7.0,3.0,2.7720588235294117,3.826519928662906,3.523362819972964,1.381976597885342,5.499039842323396,432,446,868,879,136,6.772058823529412
759,730.3990384615385,871.2548076923077,2.489147338692602,2.0127445735654295,0.43978008751068326,208.0,6.0,2.0,2.337078651685393,3.3377905890622728,2.763953195770684,0.9772050238058398,4.442433223290478,725,736,867,876,89,7.337078651685394
760,1008.3942257217848,861.3391076115486,9.666302995817514,6.208520098072812,1.3389397608536584,1905.0,7.0,3.0,2.62396694214876,7.590394548326596,8.537737635702333,3.2897623212397704,13.110581167104948,997,1023,841,883,726,4.62396694214876
761,420.61150041220117,799.0242511679032,24.5763471217878,12.010525126886373,-0.9390167963763627,14556.0,29.0,3.0,4.713730569948186,6.383076486422923,13.195283541573993,4.652426491681278,25.313194205551593,356,456,748,878,3088,6.713730569948186
762,700.7675675675675,875.4,2.7946392382333083,2.1592714463790568,-0.5437389766743513,185.0,4.0,2.0,2.176470588235294,4.51351666838205,2.985410660720923,1.1283791670955126,4.478115991081385,696,706,870,880,85,10.176470588235293
763,121.85714285714286,875.9065934065934,2.9481046296381015,1.9098895271321983,0.3527036741329347,182.0,4.0,2.0,2.2195121951219514,4.583497844237541,2.9316150714175193,1.1283791670955126,4.478115991081385,117,127,871,880,82,6.219512195121951
764,289.5113636363636,883.3295454545455,2.2280913509155353,1.7727912127414864,-0.07406640640018121,88.0,3.0,1.0,1.1891891891891893,2.876813695875796,2.326213245840639,0.7978845608028654,3.7846987830302403,285,294,879,887,74,4.1891891891891895
765,333.4926108374384,874.3546798029556,6.676598318713681,2.2084455595179957,0.10843289741409283,406.0,4.0,2.0,2.1595744680851063,6.407961869245868,4.259537945889915,1.7841241161527712,6.746726148605861,321,350,869,879,188,7.159574468085107
766,78.48941798941799,885.2989417989418,3.011607038920597,2.3249859526212484,0.6624219612897922,378.0,7.0,2.0,2.625,3.742410318509555,3.3377905890622728,1.2615662610100802,5.4115163798060095,72,84,879,892,144,6.625
767,590.6688251618872,885.2960222016651,6.1492714112155165,4.498974779369034,-1.3492581478203185,1081.0,8.0,3.0,2.9616438356164383,6.206085419025319,5.613615477764332,2.1850968611841584,9.079772052293041,579,600,873,903,365,4.961643835616439
768,306.26718885987816,878.3524804177546,4.670747155652117,2.8930416036793156,-1.5043071270344335,1149.0,11.0,4.5,5.270642201834862,5.292567428401227,4.54864184146723,1.7841241161527712,7.334464586120832,299,314,870,889,218,6.270642201834862
769,523.8238611713666,882.0377440347072,8.892082114679313,5.790330495856231,0.48036640298340655,2305.0,12.0,3.0,3.9672977624784855,6.6755811781245455,6.955796338302048,2.5854414729132054,11.54867275105708,502,537,864,895,581,6.967297762478485
770,663.6854838709677,879.8306451612904,3.0393307524542603,1.8463641755727351,-0.8413515195023611,248.0,6.0,2.5,2.5833333333333335,3.9088200952233594,2.876813695875796,1.1283791670955126,4.54864184146723,658,669,875,886,96,9.583333333333334
771,222.80712166172106,886.0,3.3962161894016636,2.3828075251157723,1.2510021211216111,337.0,6.0,2.0,1.9147727272727273,4.406461512053774,3.477898169151024,1.381976597885342,5.641895835477563,216,230,876,894,176,4.9147727272727275
772,369.1074026529739,891.8712023962345,21.242477525790196,8.757751748278032,0.057745334667218255,4674.0,10.0,2.0,2.9507575757575757,9.321941800299703,11.631066229203196,4.068428945128219,19.207320429643833,320,407,868,915,1584,5.950757575757576
773,913.2528735632184,901.330459770115,8.405210107897318,5.665583339189106,1.2657123033102164,696.0,5.0,1.0,1.681159420289855,4.652426491681278,6.358093703724522,2.1850968611841584,10.387831891992912,901,928,885,914,414,3.681159420289855
774,835.0060975609756,886.3536585365854,3.2729718180926204,1.267937651652018,0.37843976664235457,164.0,5.0,2.0,2.411764705882353,3.0382538898732494,2.5231325220201604,0.9772050238058398,3.989422804014327,829,842,883,890,68,6.411764705882353
775,195.92708333333334,889.2291666666666,3.0415447915468667,1.7361128264939947,0.3582325375143762,96.0,2.0,1.0,1.2972972972972974,4.787307364817192,2.7057581899030048,1.1283791670955126,4.442433223290478,190,201,886,894,74,6.297297297297297
776,771.1408450704225,895.6659959758551,3.119980656231065,2.706560836911661,0.7193911684522761,497.0,7.0,2.0,2.672043010752688,4.61809077155419,3.6996385101659595,1.4927053303604616,5.863230142835039,764,779,888,902,186,5.672043010752688
777,813.1085714285714,889.0942857142857,4.521554407577468,2.419093021284373,-0.7810919954332319,350.0,7.0,1.0,1.7587939698492463,3.0382538898732494,3.656366395715726,1.2615662610100802,5.890312181373172,801,822,877,897,199,4.758793969849246
778,979.5293602103418,902.8834355828221,5.22886106550543,3.051945258191504,-1.278082038506233,1141.0,10.0,4.0,4.676229508196721,6.023896332520351,4.820437914901168,1.8712051592547776,7.590394548326596,972,987,892,914,244,5.676229508196721
779,182.8122866894198,893.1109215017065,9.030963711697277,4.031864248158621,-0.2988344100871971,1172.0,8.0,3.0,2.7904761904761903,5.836022431559495,6.180387232371033,2.256758334191025,9.91754782346883,169,205,883,903,420,4.79047619047619
780,556.7879256965945,887.671826625387,6.9140340587175535,2.3206820170052826,-0.44733831818506226,646.0,7.0,2.0,2.7606837606837606,4.950743503369154,4.652426491681278,1.7841241161527712,7.334464586120832,546,569,878,896,234,4.760683760683761
781,919.4791666666666,892.4270833333334,2.439925622522211,1.5676985536343502,0.8867106288190411,96.0,3.0,1.0,1.411764705882353,2.9316150714175193,2.393653682408596,0.9772050238058398,3.949327084834294,915,924,888,898,68,5.411764705882353
782,128.92139737991266,901.5167394468705,3.2240300061596563,2.784961988525065,1.359973870860954,687.0,9.0,3.0,3.351219512195122,4.686510657907603,3.826519928662906,1.4927053303604616,6.102643417692329,122,136,893,910,205,6.351219512195122
783,707.4512195121952,903.079268292683,3.524825037092376,2.341277344917008,-0.1812321480601698,164.0,3.0,1.0,1.561904761904762,3.5682482323055424,3.0901936161855166,1.2615662610100802,5.262410103554244,702,715,897,910,105,3.5619047619047617
784,940.6875,905.2604166666666,3.7806326293711363,2.500629798091395,-1.3690566115822986,288.0,4.0,2.0,1.565217391304348,5.440847306724618,3.742410318509555,1.4927053303604616,5.917270272703197,935,947,897,914,184,4.565217391304348
785,268.64935064935065,898.5844155844156,1.631858189748479,1.4910371077388311,-0.5587199746772001,77.0,3.0,2.0,2.026315789473684,2.985410660720923,2.0342144725641096,0.7978845608028654,3.0382538898732494,266,272,896,902,38,8.026315789473685
786,540.4,902.6,1.7820952184374526,1.379904573650098,-0.0446180313880536,60.0,3.0,1.0,1.1764705882352942,2.1850968611841584,1.8712051592547776,0.5641895835477563,3.141274657157109,537,544,899,906,51,4.176470588235294
787,1011.9484581497798,899.3215859030837,6.1002191251832745,4.939164857096961,0.39969281764605,2270.0,12.0,4.0,4.486166007905139,7.1141599576634995,6.383076486422923,2.4592453796829674,10.448937312523231,992,1023,886,913,506,6.486166007905139
788,287.1101983570427,909.6217190943698,7.591924450112015,5.803282707857513,1.0510986450812112,4991.0,24.0,5.0,6.7720488466757125,6.407961869245868,7.203090409536582,2.6462837142006137,12.527041705391134,265,306,894,928,737,10.772048846675712
789,417.8311981914092,910.1092690278824,9.772642243217403,5.023293485482754,-1.0279053162326781,1327.0,8.0,3.0,2.9686800894854586,6.863662517577698,6.723094811029982,2.5854414729132054,10.509687459947386,405,431,894,928,447,4.968680089485459
790,834.3557213930349,908.0472636815921,2.92574645052235,2.7259198680790933,-1.4006628164236148,402.0,6.0,3.0,3.1653543307086616,4.886025119029199,3.5682482323055424,1.4927053303604616,5.499039842323396,828,840,901,914,127,8.165354330708661
791,479.87264150943395,891.878144654088,21.413886976049437,13.552964639120692,-0.1718725085974785,5088.0,9.0,2.0,2.417102137767221,9.389986074159536,12.939513133525306,4.478115991081385,22.140398025397776,419,543,849,919,2105,4.417102137767221
792,682.2254901960785,901.8529411764706,2.613901227940322,2.3151142794161705,-0.26228492240642687,204.0,4.0,2.0,1.8545454545454545,4.442433223290478,2.985410660720923,1.2615662610100802,4.886025119029199,676,687,897,907,110,4.8545454545454545
793,959.4725274725274,914.8901098901099,2.715732643545456,1.4692409364874885,1.5481950576949015,91.0,2.0,1.0,1.123456790123457,4.296739856991561,2.6462837142006137,1.1283791670955126,3.9088200952233594,956,963,908,920,81,4.1234567901234565
794,106.56666666666666,900.0101449275362,3.701818438082159,3.0628619496084055,-1.1614458249325836,690.0,8.0,3.0,3.2701421800947865,4.787307364817192,4.068428945128219,1.5957691216057308,6.90988298942671,98,113,891,909,211,5.270142180094787
795,721.5254521098459,922.2749497655727,19.20464646612869,10.292831580029079,-0.3574723819125921,2986.0,12.0,2.0,2.5092436974789916,5.4115163798060095,9.40692023773423,3.0901936161855166,16.526036498377113,679,770,903,951,1190,4.509243697478992
796,194.69565217391303,909.304347826087,2.4312196010809455,1.7104546714904767,1.3095738235073895,92.0,3.0,1.0,1.1948051948051948,2.7057581899030048,2.393653682408596,0.9772050238058398,4.029119531035698,191,199,904,914,77,4.194805194805195
797,376.8888888888889,911.4761904761905,2.079838963026667,1.2306632027460414,-0.9687276933221298,63.0,3.0,2.0,1.6578947368421053,2.7057581899030048,2.111004122822376,0.7978845608028654,3.0901936161855166,374,380,908,915,38,4.657894736842105
798,15.53191489361702,912.2340425531914,2.169381110508405,1.1386403113246255,0.1861605777907446,47.0,3.0,1.0,1.0,2.0342144725641096,1.7841241161527712,0.5641895835477563,2.9316150714175193,12,22,910,915,47,4.0
799,147.4578313253012,909.5783132530121,2.1661920475782845,1.8081980998498202,-1.468677094809321,83.0,3.0,1.0,1.2388059701492538,2.6462837142006137,2.393653682408596,0.7978845608028654,3.9088200952233594,143,151,904,913,67,6.2388059701492535
800,446.53781004234725,925.426497277677,7.968328167669154,7.2299205547764345,-1.038280718131844,1653.0,10.0,2.0,2.4708520179372195,5.077706251929807,7.1141599576634995,2.5231325220201604,12.008096370418468,430,466,911,949,669,5.4708520179372195
801,675.7885909132799,981.290664454889,25.525363890566855,12.490180969635617,0.6863648850620829,10851.0,16.0,4.0,4.943507972665148,10.925484305920792,13.657583728599336,4.886025119029199,23.11800810845486,641,732,912,1023,2195,5.943507972665148
802,157.22394220846232,922.3333333333334,4.991531206654252,2.692099626083409,-0.8771766533805819,969.0,10.0,3.0,3.923076923076923,5.4115163798060095,4.54864184146723,1.7841241161527712,7.48482063701911,146,167,913,931,247,7.923076923076923
803,866.35,911.3875,2.6888148884445577,1.6078302912742948,-0.48309710703174114,80.0,3.0,1.0,1.095890410958904,2.7057581899030048,2.256758334191025,0.7978845608028654,3.656366395715726,860,871,907,916,73,6.095890410958904
804,118.30259365994236,919.8789625360231,3.1379427706334155,2.683788697717933,-1.0047408260418274,347.0,6.0,2.0,2.443661971830986,4.370193722368317,3.6125759969217834,1.2615662610100802,5.781222885281108,112,124,913,927,142,5.443661971830986
805,45.10914454277286,910.8525073746313,9.211692304594743,2.3920028739057573,0.47435955650329203,339.0,4.0,1.0,1.2840909090909092,5.725898905580716,4.222008245644752,1.5957691216057308,6.817128675830715,33,67,904,924,264,4.284090909090909
806,843.2438271604939,920.0432098765432,13.318984154566436,7.939449266701208,-0.2917727292534535,2592.0,10.0,2.0,2.669412976313079,5.670035141386943,9.440697438826296,3.0901936161855166,15.33724244738347,819,874,896,935,971,4.66941297631308
807,605.3015873015873,924.7777777777778,2.2594460745434173,1.3716960109812029,-1.1851717232250791,63.0,3.0,1.0,1.3125,2.326213245840639,2.0342144725641096,0.7978845608028654,3.2897623212397704,602,609,920,930,48,6.3125
808,317.48046875,922.82421875,5.956885897639396,2.6889261118384704,0.3005987367400371,256.0,5.0,1.0,1.2549019607843137,3.141274657157109,3.477898169151024,1.2615662610100802,5.890312181373172,309,332,915,930,204,5.254901960784314
809,573.843949044586,920.0541401273886,6.941127409099307,2.808737908352205,0.6137923312351181,314.0,4.0,2.0,1.8255813953488371,5.440847306724618,4.029119531035698,1.4927053303604616,6.579524642479541,564,585,910,927,172,3.8255813953488373
810,58.635416666666664,918.15625,2.1451674531344715,1.4183634449393991,0.3261746986295248,96.0,4.0,2.0,2.0425531914893615,3.141274657157109,2.111004122822376,0.7978845608028654,3.385137501286538,55,63,915,922,47,6.042553191489362
811,997.516393442623,917.2049180327868,2.674590052270596,1.9578039819167776,0.024918571108056665,122.0,4.0,1.0,1.196078431372549,3.2410224072142872,2.6462837142006137,0.9772050238058398,4.406461512053774,990,1003,913,922,102,4.196078431372549
812,655.4081632653061,930.4336734693877,3.538200310120554,2.749571258509507,1.090408069440001,196.0,3.0,1.0,1.2980132450331126,4.442433223290478,3.5682482323055424,1.381976597885342,5.585191925620057,650,663,920,938,151,5.298013245033113
813,636.3259762308999,917.3539898132428,3.8614515740912525,3.702116960333956,0.7163455320318796,1178.0,11.0,3.0,4.252707581227437,5.499039842323396,4.61809077155419,1.8712051592547776,7.715176518808164,626,644,909,927,277,6.252707581227437
814,1017.5650684931506,936.2842465753424,3.9219526197220245,2.4590559681547988,0.8846722782818297,292.0,5.0,1.0,1.5208333333333333,3.477898169151024,3.7846987830302403,1.381976597885342,6.023896332520351,1011,1023,928,948,192,4.520833333333333
815,952.4090909090909,935.5909090909091,3.259223568283279,1.5512534775894673,1.3818350848038472,66.0,2.0,1.0,1.0819672131147542,4.1841419359420025,2.5854414729132054,0.9772050238058398,3.9088200952233594,949,956,931,943,61,4.081967213114754
816,239.29218740745128,947.2159173922486,44.67533135903211,20.935867303790854,-0.7888517500399045,50649.0,67.0,3.0,7.279246910031619,10.341765891652821,15.138795132120961,5.170882945826411,37.623450982855324,161,408,816,990,6958,8.279246910031619
817,87.89825581395348,936.9970930232558,4.810775593523425,2.392485075279664,0.19803322621516778,344.0,6.0,2.0,2.1910828025477707,4.1841419359420025,3.385137501286538,1.381976597885342,5.725898905580716,80,101,932,943,157,9.19108280254777
818,797.9094955489614,932.9658753709199,4.527322502292861,3.1199922271193965,0.699835033034929,674.0,7.0,3.0,2.8438818565400843,4.982787485166879,4.61809077155419,1.7841241161527712,7.225151993843567,790,807,923,942,237,5.843881856540085
819,446.562893081761,941.4465408805031,4.751614082536406,2.455312147306103,0.1486989979115739,318.0,6.0,2.0,2.0384615384615383,4.029119531035698,3.477898169151024,1.2615662610100802,5.836022431559495,436,455,934,947,156,8.038461538461538
820,605.5700934579439,933.3196261682243,8.566194169805877,2.676074420864296,-1.3607758303480402,535.0,8.0,2.0,2.6884422110552766,3.6125759969217834,4.145929793656026,1.4927053303604616,6.90988298942671,600,617,917,945,199,4.688442211055277
821,562.7448979591836,943.1292517006802,4.788011410709283,2.4928401699924523,-1.481722568745951,294.0,3.0,2.0,2.027586206896552,5.4700209598571305,3.9088200952233594,1.692568750643269,6.023896332520351,558,571,936,952,145,4.027586206896552
822,408.2098765432099,938.5185185185185,1.7063014580134013,1.4649218707578762,1.1233594670605718,81.0,4.0,2.0,2.025,2.876813695875796,1.9544100476116797,0.7978845608028654,3.0901936161855166,405,412,936,942,40,5.025
823,620.5052083333334,943.3958333333334,2.6378837223399403,2.340642713626926,0.009166052212670934,192.0,4.0,1.0,1.6271186440677967,4.259537945889915,3.0382538898732494,1.1283791670955126,4.982787485166879,614,627,938,949,118,4.627118644067797
824,805.5353294653958,964.1825183036331,13.6826374492957,10.579660244008704,-0.5912851559168675,28956.0,73.0,6.0,12.411487355336476,8.574939283076915,9.869286963719311,3.6996385101659595,20.72964896828013,745,832,942,1023,2333,13.411487355336476
825,161.41263440860214,945.5604838709677,4.591517475405097,2.606486716279262,0.9244767514916749,744.0,9.0,4.0,4.179775280898877,4.753945931439391,4.1841419359420025,1.5957691216057308,6.555290583552474,151,168,936,953,178,7.179775280898877
826,744.5414407436097,939.6800929512007,8.641846887001227,4.161121004257317,0.5026054161938667,1291.0,7.0,2.5,2.856194690265487,6.863662517577698,6.407961869245868,2.4592453796829674,10.249012754438885,724,766,925,950,452,5.856194690265487
827,899.5697091273821,936.3450351053159,4.508627713665555,3.7154253602297547,0.8063846780645576,997.0,8.0,3.0,3.3456375838926173,6.358093703724522,5.108953969950291,2.0342144725641096,8.234075889688375,890,910,921,944,298,5.345637583892618
828,982.969696969697,942.0959595959596,8.028298908776446,2.9095675010147763,-0.9156063434349201,396.0,4.0,2.0,1.6923076923076923,6.530966601401967,5.077706251929807,1.8712051592547776,7.735777827895049,969,991,929,954,234,3.6923076923076925
829,660.6397058823529,950.7058823529412,4.711121098364133,1.5790607080486525,1.1278322381077528,136.0,3.0,2.0,1.6385542168674698,3.826519928662906,2.985410660720923,1.1283791670955126,4.583497844237541,656,665,945,959,83,6.63855421686747
830,932.7783251231527,947.551724137931,3.592651552307522,2.618377381727019,0.70274009759419,609.0,9.0,2.0,2.6710526315789473,4.1841419359420025,3.742410318509555,1.381976597885342,6.206085419025319,924,941,941,959,228,5.671052631578948
831,396.07142857142856,945.9464285714286,2.1813143699871924,1.3764483158727459,-0.1311189445991165,56.0,2.0,1.0,1.1666666666666667,3.523362819972964,2.0342144725641096,0.7978845608028654,3.2410224072142872,392,401,943,949,48,6.166666666666667
832,143.5,949.7941176470588,1.5841648575942529,1.121096646262408,0.34330203067966397,34.0,3.0,1.0,0.9714285714285714,1.692568750643269,1.4927053303604616,0.5641895835477563,2.5231325220201604,140,147,946,951,35,3.9714285714285715
833,371.8767123287671,946.4794520547945,1.65849644919128,1.2568444100897262,-0.8107294851920006,73.0,4.0,2.0,1.972972972972973,2.763953195770684,1.8712051592547776,0.5641895835477563,2.8209479177387813,369,375,944,950,37,5.972972972972973
834,855.182382133995,958.4540942928039,8.473181709692353,6.549806869007202,0.08910618925564083,806.0,7.0,2.0,2.132275132275132,4.068428945128219,5.725898905580716,1.9544100476116797,9.624353322664494,839,871,945,974,378,4.132275132275132
835,127.61299435028249,956.5395480225989,3.1630697531109555,2.565609651308833,0.9998883511341635,354.0,6.0,2.0,2.1717791411042944,4.720348719413148,3.477898169151024,1.381976597885342,5.440847306724618,118,134,951,965,163,5.171779141104294
836,327.4153846153846,949.9538461538461,2.726811146970927,1.874274082329135,1.2836901008073696,130.0,4.0,1.0,1.4285714285714286,3.385137501286538,2.763953195770684,0.9772050238058398,4.51351666838205,322,332,944,956,91,4.428571428571429
837,357.4367681498829,949.9543325526932,7.459513752879694,3.346680947461664,-0.8879344061820703,854.0,10.0,2.0,2.6196319018404908,4.068428945128219,5.046265044040321,1.7841241161527712,8.406235467365967,346,376,934,960,326,4.619631901840491
838,963.5957446808511,962.0744680851063,2.051612344037829,1.44935928439099,-0.07174177375829255,94.0,3.0,1.0,1.2702702702702702,3.1915382432114616,2.1850968611841584,0.9772050238058398,3.385137501286538,960,969,957,966,74,4.27027027027027
839,260.4438502673797,946.461949814891,7.4462882639254815,2.9357686525741347,0.3678284648294321,2431.0,17.0,6.0,6.945714285714286,6.023896332520351,5.440847306724618,2.1850968611841584,8.938444016277748,246,278,938,959,350,11.945714285714285
840,904.9333333333333,964.5333333333333,2.9319005542917527,0.805235111185835,-1.529086389813651,30.0,1.0,0.0,0.38961038961038963,3.0901936161855166,2.111004122822376,0.7978845608028654,2.876813695875796,902,910,958,971,77,3.3896103896103895
841,584.1442953020135,966.7583892617449,3.0361882080303255,2.092094865591923,0.7874111866591558,298.0,7.0,2.0,2.0694444444444446,3.1915382432114616,3.1915382432114616,1.1283791670955126,5.140011726956917,577,590,961,974,144,5.069444444444445
842,92.93322695470725,943.4176997667853,35.2999165311085,10.075960564244628,-0.321011506423607,8147.0,15.0,3.0,3.8520094562647755,7.247146419131151,14.036873567421145,4.583497844237541,23.16614918595387,37,172,899,973,2115,4.852009456264775
843,176.65384615384616,965.965811965812,7.7785401672023164,1.842468203702566,-0.42633121444348737,234.0,4.0,2.0,1.8,5.440847306724618,4.068428945128219,1.4927053303604616,5.781222885281108,164,190,960,972,130,4.8
844,329.48571428571427,967.2428571428571,2.138081049179865,1.60516934022758,-0.5844769629218797,70.0,4.0,1.0,1.1475409836065573,2.5231325220201604,2.1850968611841584,0.5641895835477563,3.523362819972964,326,333,962,971,61,5.147540983606557
845,526.1402550091075,966.1511839708561,8.334727797034931,2.615245928132388,-0.6172247784041387,1098.0,8.0,3.0,3.684563758389262,6.6036697681803656,5.440847306724618,2.1850968611841584,8.63044108762739,515,542,953,976,298,7.684563758389261
846,309.96753999536287,961.7739392534199,4.726985931463902,3.7246606269943943,0.09341766318229956,4313.0,30.0,10.0,11.914364640883978,6.407961869245868,5.322553886092406,2.1850968611841584,8.6488625410045,297,321,953,971,362,16.914364640883978
847,96.86363636363636,965.1363636363636,2.2598938821742096,1.8988653345452482,0.6236525650812459,88.0,3.0,1.0,1.3968253968253967,2.5231325220201604,2.393653682408596,0.7978845608028654,4.1073621666150775,93,102,961,969,63,4.396825396825397
848,469.61267605633805,969.8732394366198,7.457918600141728,1.9632134744189955,-1.187047515432184,142.0,2.0,0.0,0.6698113207547169,5.725898905580716,3.3377905890622728,1.4927053303604616,5.292567428401227,461,478,956,982,212,3.669811320754717
849,440.84574468085106,966.6755319148937,4.001276853607158,3.1108196123531693,0.5392129861997895,752.0,9.0,3.0,3.213675213675214,4.583497844237541,4.370193722368317,1.7841241161527712,7.158763278359629,432,450,960,975,234,5.213675213675214
850,400.29393173198486,961.8034134007586,8.32539418188233,3.8559968111817846,1.2556236295234033,1582.0,12.0,2.0,3.4094827586206895,5.527906391541368,5.4115163798060095,2.0342144725641096,9.91754782346883,385,412,937,975,464,5.4094827586206895
851,518.4538398692811,945.2642973856209,11.777025944490555,10.649002050166677,0.18772098881407076,4896.0,11.0,4.0,4.3481349911190055,9.557977680176279,10.734438914006276,4.068428945128219,16.79352729949365,490,548,924,978,1126,5.3481349911190055
852,717.2306238185255,963.5236294896031,5.378523578828032,2.373703454950513,-1.5062733485608397,529.0,9.0,2.0,2.543269230769231,3.0901936161855166,4.029119531035698,1.381976597885342,6.955796338302048,712,723,954,978,208,4.543269230769231
853,41.113518197573654,987.068890814558,13.368102777191064,6.044120706916181,0.13606404404803357,2308.0,7.0,2.0,2.5644444444444443,8.136857890256438,9.201653640780462,3.431831258788849,14.57095378088162,18,71,976,1007,900,4.564444444444445
854,571.6870229007634,984.6335877862596,3.4874363407460858,2.7098872080060703,-1.391074138233895,393.0,5.0,2.0,1.9264705882352942,4.820437914901168,3.826519928662906,1.4927053303604616,6.102643417692329,564,578,976,992,204,4.926470588235294
855,498.137326584177,1006.390482439695,12.355430734512893,8.308238494672986,-0.014854913410734367,32004.0,66.0,7.0,13.60135996600085,9.657370069115643,10.954580187815921,4.1073621666150775,20.34996712344056,450,529,969,1023,2353,15.60135996600085
856,621.0862313697658,988.3569907735983,8.048395490366023,4.870584097970281,-0.135741105787555,2818.0,14.0,3.0,4.243975903614458,6.955796338302048,7.1141599576634995,2.6462837142006137,12.100518486599809,596,636,975,1005,664,6.243975903614458
857,758.3747826086957,988.5104347826087,5.858678576289862,4.690796874806435,-0.015176524204514064,1150.0,7.0,3.0,2.832512315270936,6.432750982580687,6.128667601500942,2.326213245840639,9.72306722164286,747,776,978,1001,406,5.832512315270936
858,348.1390778533636,990.9773242630386,5.587103436488985,4.616619021105471,0.9169341516452574,1323.0,8.0,3.0,3.0911214953271027,7.48482063701911,6.358093703724522,2.5231325220201604,9.885400096021595,336,358,976,1003,428,5.091121495327103
859,46.97093023255814,997.7732558139535,4.466399620040796,2.0400507725283488,-0.3483149399901192,172.0,3.0,1.0,1.3650793650793651,3.949327084834294,3.431831258788849,1.2615662610100802,5.499039842323396,40,58,992,1003,126,6.365079365079365
860,289.14104882459316,1001.9461121157324,14.980813007962011,10.784482602656729,0.5597243298424208,2765.0,7.0,2.0,2.630827783063749,8.866935315394846,9.981532666656284,3.742410318509555,15.867675317177952,243,313,978,1023,1051,4.630827783063749
861,851.3356643356643,988.1888111888112,2.1232314755291615,1.5078586870608262,-0.9412835034142026,143.0,5.0,2.0,2.6,2.876813695875796,2.256758334191025,0.7978845608028654,3.5682482323055424,848,855,984,993,55,4.6
862,874.9388379204893,985.3088685015291,8.08779692552672,2.6200280779427136,-0.4912981572044992,327.0,4.0,2.0,1.9011627906976745,6.180387232371033,4.478115991081385,1.5957691216057308,6.6036697681803656,865,892,976,994,172,3.9011627906976742
863,6.243243243243243,992.7567567567568,1.6075970116597522,1.524573489303178,-0.7853981632501175,37.0,2.0,0.0,0.49333333333333335,3.141274657157109,1.9544100476116797,0.5641895835477563,2.9316150714175193,0,11,985,998,75,3.493333333333333
864,416.9228187919463,1002.478187919463,3.1910726572108445,2.5534984108685546,-1.0342835346577108,596.0,10.0,4.0,4.549618320610687,4.1841419359420025,3.477898169151024,1.381976597885342,5.613615477764332,411,423,994,1009,131,5.549618320610687
865,1021.64,993.36,1.4142135623730951,1.086646216563977,0.0,25.0,2.0,1.0,0.8620689655172413,2.4592453796829674,1.381976597885342,0.5641895835477563,2.256758334191025,1018,1023,992,997,29,3.8620689655172415
866,949.6505075616325,989.2950072508804,13.089711958559382,10.107977606114167,0.359199227051518,4827.0,12.0,3.0,3.6903669724770642,8.214724333230155,10.660048281673648,3.6996385101659595,18.30793025307699,920,982,963,1014,1308,4.690366972477064
867,586.8735632183908,998.1379310344828,2.5340996390091473,1.521000569359162,-1.090371224601419,87.0,3.0,1.5,1.5535714285714286,2.985410660720923,2.4592453796829674,0.7978845608028654,3.826519928662906,584,591,993,1003,56,3.5535714285714284
868,150.79754601226995,995.138036809816,4.213114732167598,2.376273908954304,1.065128963676292,326.0,6.0,2.0,2.2176870748299318,3.949327084834294,3.5682482323055424,1.381976597885342,5.970821321441846,145,158,984,1003,147,4.217687074829932
869,384.8888888888889,1000.5555555555555,2.1886657964187113,1.2083802996668223,-0.13071058443184422,63.0,4.0,1.0,1.105263157894737,2.256758334191025,1.9544100476116797,0.5641895835477563,3.2410224072142872,380,390,997,1003,57,4.105263157894737
870,987.5,1006.0,1.5491933384904812,1.2583057392272112,-0.0,30.0,2.0,1.0,0.6122448979591837,2.876813695875796,1.7841241161527712,0.5641895835477563,2.6462837142006137,985,991,1001,1011,49,3.6122448979591835
871,937.4725274725274,1005.3736263736264,2.3539488943175173,1.6231165275910748,-0.21058018049364227,91.0,3.0,1.0,1.011111111111111,3.0382538898732494,2.393653682408596,0.9772050238058398,3.742410318509555,932,942,1000,1010,90,7.011111111111111
872,696.0588235294117,1002.1588235294117,2.6084008653947093,1.942534982284938,1.3831533497514537,170.0,5.0,1.0,1.619047619047619,2.8209479177387813,2.7057581899030048,0.9772050238058398,4.54864184146723,692,702,996,1008,105,8.619047619047619
873,88.8362899138368,1007.2904206791687,12.203730640662862,6.40378774821946,-0.37297634044984584,1973.0,8.0,2.0,2.4724310776942358,7.938851142601841,8.117274569709014,3.141274657157109,13.669231989760256,70,114,985,1023,798,4.472431077694235
874,897.1990820424555,995.3017785427425,4.536521828019734,3.7315382392914596,-1.523685323305067,1743.0,15.0,5.0,5.733552631578948,5.292567428401227,5.108953969950291,1.8712051592547776,8.537737635702333,888,905,985,1007,304,6.733552631578948
875,668.195856873823,1001.7514124293785,8.94279853865402,2.9133149288627287,-0.43518353945733734,531.0,4.0,2.0,2.1411290322580645,7.247146419131151,4.918490759365935,2.0342144725641096,7.756324418739616,656,683,990,1011,248,4.141129032258065
876,713.4923547400612,1011.9235474006116,6.017570836052833,2.1157416807258724,-0.9440289546303954,327.0,4.0,2.0,1.8166666666666667,5.781222885281108,4.259537945889915,1.5957691216057308,6.699380116989518,706,723,1003,1023,180,7.816666666666666
877,771.4763513513514,1018.8040540540541,2.7856006137962686,2.209956465735225,1.500512657266232,296.0,5.0,3.0,2.792452830188679,4.222008245644752,3.1915382432114616,1.2615662610100802,4.820437914901168,767,776,1012,1023,106,6.7924528301886795
878,180.47368421052633,1013.5798394290812,9.339542747448348,5.083868000094486,0.4470959799797734,1121.0,8.0,2.0,2.4316702819956615,5.781222885281108,6.358093703724522,2.326213245840639,9.933582672781009,163,204,1001,1023,461,5.431670281995662
879,754.5625,1008.5390625,3.3827104677967914,1.233121146583645,0.7175957970759584,128.0,5.0,2.0,1.8028169014084507,2.4592453796829674,2.393653682408596,0.7978845608028654,3.9088200952233594,749,761,1003,1014,71,5.802816901408451
880,169.38372093023256,1020.2906976744187,2.290244697351933,1.3249869718316953,1.4135845711670434,86.0,4.0,2.0,1.7916666666666667,2.9316150714175193,1.9544100476116797,0.7978845608028654,3.1915382432114616,167,174,1015,1023,48,7.791666666666667
881,131.5,1015.7241379310345,2.9340451069563236,2.089325113314472,0.0,290.0,5.0,2.0,2.101449275362319,4.296739856991561,3.1915382432114616,1.2615662610100802,4.820437914901168,124,139,1011,1021,138,5.101449275362318
882,422.2,1019.5,2.29128784747792,0.7483314773532326,1.5707963267824856,40.0,2.0,1.0,0.9090909090909091,2.763953195770684,1.692568750643269,0.5641895835477563,2.4592453796829674,420,424,1014,1023,44,3.909090909090909
883,631.2857142857143,1020.5918367346939,2.5038121500034607,1.4890898867603406,-0.8557361193988665,49.0,2.0,1.0,0.8305084745762712,3.6996385101659595,2.393653682408596,0.7978845608028654,3.477898169151024,626,635,1016,1023,59,3.830508474576271
884,105.08542713567839,1019.964824120603,2.951693033188561,1.604822579572799,0.16822847283618558,199.0,6.0,2.0,2.094736842105263,3.385137501286538,2.763953195770684,0.9772050238058398,4.296739856991561,100,112,1016,1023,95,6.094736842105263
885,436.5806451612903,1021.6451612903226,1.365373998477453,1.229391804327247,-0.14968311691677752,31.0,2.0,1.0,0.7045454545454546,2.7057581899030048,1.4927053303604616,0.5641895835477563,2.4592453796829674,433,441,1017,1023,44,3.7045454545454546
886,564.9932356257046,1018.7294250281849,5.1986829240304875,3.3036295239931546,0.089577810919696,887.0,7.0,4.0,3.7584745762711864,6.793742230659745,5.077706251929807,2.0342144725641096,7.442171739215616,553,577,1010,1023,236,5.758474576271187
887,390.8235294117647,1014.8411764705883,2.3446144277339522,1.9325246951151367,-0.7720568685167009,170.0,5.0,1.0,1.5044247787610618,2.985410660720923,2.7057581899030048,0.9772050238058398,4.3336224206596095,385,396,1009,1020,113,4.504424778761062
888,1009.4281524926686,1009.5777126099707,7.383342063693517,2.3947002835903906,0.8605195640358687,682.0,8.0,2.0,2.902127659574468,4.918490759365935,4.3336224206596095,1.692568750643269,7.225151993843567,1000,1023,1000,1023,235,4.902127659574468
889,362.75824175824175,1015.4835164835165,2.243038065796443,1.5603803242543126,-0.5240425517865935,91.0,4.0,1.0,1.0963855421686748,2.9316150714175193,2.326213245840639,0.7978845608028654,3.742410318509555,358,367,1011,1020,83,4.096385542168675
890,4.384615384615385,1019.4358974358975,3.744094815211,2.6618440765052536,0.2433888108476817,351.0,6.0,1.0,1.6714285714285715,4.296739856991561,3.431831258788849,1.2615662610100802,5.440847306724618,0,20,1009,1023,210,4.671428571428572
891,332.3050458715596,1016.3050458715596,7.7492025023114595,3.543632683035017,-0.3270849680185175,872.0,8.0,2.0,2.6186186186186187,4.787307364817192,5.670035141386943,1.9544100476116797,9.009385160867895,320,349,1008,1023,333,4.618618618618618
892,668.7818181818182,1022.3272727272728,2.4016504921352952,0.7167480771515046,-0.08018498185507823,55.0,4.0,1.0,1.4864864864864864,2.256758334191025,1.5957691216057308,0.5641895835477563,2.5854414729132054,664,674,1020,1023,37,4.486486486486487
893,228.4825673534073,1008.351822503962,5.753989272577491,3.032851808053467,-1.3525177063985996,1262.0,9.0,4.0,3.835866261398176,6.457444935117649,5.322553886092406,2.1850968611841584,8.42514715711158,220,236,995,1023,329,6.835866261398176
894,269.2153614457831,1016.7153614457832,6.831479981129367,3.4798498678087886,-0.46031949296610475,2656.0,16.0,6.0,6.462287104622871,7.091753098990329,5.944106103225343,2.326213245840639,9.373021315815206,251,282,1005,1023,411,10.46228710462287
895,592.1836734693877,1021.9183673469388,1.7925799202522923,1.0838952092440037,-0.03271327483711004,49.0,4.0,1.0,1.1136363636363635,2.1850968611841584,1.692568750643269,0.5641895835477563,2.7057581899030048,587,597,1018,1023,44,4.113636363636363
