ID,X,Y,A,B,theta,total_flux,mu_max,mu_median,mu_mean,R_fwhm,R_e,R10,R90,x_start,x_end,y_start,y_end,area,greylevel
0,506.3297493065661,516.3166441762563,306.28643727926897,302.9371906144562,-0.42860712921114963,1362062.0,11.0,2.0,1.8944312931339031,58.50186233145162,229.22002827616834,88.2934166431859,366.98093000188,0,1023,0,1023,718982,1.8944312931339031
1,77.03947368421052,4.118421052631579,8.356311030397867,2.3216452953410194,0.0640152280840619,608.0,8.0,2.0,2.432,4.029119531035698,4.296739856991561,1.4927053303604616,7.569397566060481,57,90,0,12,250,10.432
2,455.2875,0.6875,1.9900512678094273,0.7806301630610863,-0.04037793847191112,80.0,7.0,1.0,2.0,1.8712051592547776,1.4927053303604616,0.5641895835477563,2.393653682408596,450,466,0,3,40,7.0
3,628.5738396624473,4.063291139240507,2.4211991396879733,1.9580686567081573,-0.17987231995439956,237.0,6.0,2.0,2.5483870967741935,3.742410318509555,2.763953195770684,1.1283791670955126,4.3336224206596095,624,634,0,8,93,8.548387096774194
4,220.30434782608697,0.8913043478260869,1.6985474002804952,0.9264558661410285,-0.1023790597272704,46.0,4.0,2.0,1.7692307692307692,2.111004122822376,1.381976597885342,0.5641895835477563,2.393653682408596,217,225,0,3,26,6.769230769230769
5,353.2564102564103,2.1666666666666665,1.540777466167589,1.2431014903002,1.2034231276902825,78.0,4.0,3.0,2.4375,2.5854414729132054,1.692568750643269,0.5641895835477563,2.7057581899030048,350,356,0,5,32,7.4375
6,793.9512195121952,1.0,2.600047049653372,0.959324049951902,-0.03343654053331054,82.0,4.0,2.0,1.8222222222222222,2.9316150714175193,1.8712051592547776,0.7978845608028654,2.985410660720923,789,800,0,4,45,7.822222222222222
7,366.3220088626293,17.75258493353028,11.848139952119348,5.570903186253578,-0.28042895172537,1354.0,8.0,2.0,2.392226148409894,6.282549314314218,6.699380116989518,2.5854414729132054,11.451797811161432,340,397,0,29,566,6.392226148409894
8,646.1169064748201,4.374100719424461,2.8682134568135984,2.572534651455567,-0.29702014520999115,556.0,9.0,4.0,4.212121212121212,4.370193722368317,3.523362819972964,1.381976597885342,5.4115163798060095,639,652,0,10,132,8.212121212121213
9,933.9594594594595,4.0,2.2472442528426173,2.2234534463448394,1.1985394726614262,222.0,5.0,2.0,2.49438202247191,3.6125759969217834,2.8209479177387813,1.1283791670955126,4.442433223290478,929,939,0,9,89,7.49438202247191
10,753.7169117647059,14.186887254901961,7.552715024098016,4.686901184673194,-0.09993345456573621,1632.0,6.0,3.0,3.310344827586207,10.387831891992912,7.527227892173502,2.9316150714175193,11.283791670955125,739,770,4,24,493,6.310344827586207
11,32.36363636363637,1.2987012987012987,2.196025577297528,1.1430954219572482,0.20774346618598225,77.0,4.0,2.0,1.673913043478261,2.8209479177387813,1.9544100476116797,0.5641895835477563,3.0382538898732494,27,36,0,6,46,10.673913043478262
12,50.76980972515856,25.385623678646933,27.451969682170848,15.175219498752734,-0.20309185939637692,11825.0,14.0,4.0,3.9774638412378067,8.462843753216344,17.453439806464733,5.753627391751592,27.22762797090574,4,114,0,63,2973,6.977463841237807
13,818.9731800766283,17.00862068965517,5.928039429994465,3.033385010788275,0.3100254708036645,1044.0,10.0,3.0,3.491638795986622,4.853342309955121,4.886025119029199,1.8712051592547776,8.253382073025046,806,831,7,25,299,7.491638795986622
14,287.5618892508143,7.804560260586319,6.069846598860492,3.1504278886407624,-0.6729230429244341,614.0,6.0,2.0,2.765765765765766,5.641895835477563,4.54864184146723,1.7841241161527712,7.377736139048903,277,296,0,17,222,6.7657657657657655
15,509.9644839067703,8.109877913429523,3.99307619223646,2.961620800063678,-1.2770012960690977,901.0,11.0,4.0,4.022321428571429,4.583497844237541,4.3336224206596095,1.5957691216057308,6.886811529393324,503,518,0,17,224,8.022321428571429
16,1015.5619834710744,5.677685950413223,3.8586018499248516,2.2757599392487107,0.43401717436418324,363.0,5.0,2.0,2.5208333333333335,4.61809077155419,3.7846987830302403,1.4927053303604616,5.808687281605183,1009,1023,0,12,144,6.520833333333333
17,320.6594982078853,15.716845878136201,3.6063286909472616,1.776710045213175,0.13788417044773732,279.0,5.0,3.0,2.70873786407767,4.370193722368317,3.2410224072142872,1.2615662610100802,4.918490759365935,312,327,12,20,103,6.70873786407767
18,183.15622583139984,23.303944315545245,5.962425178966267,3.4920280047841223,1.1803204627338235,1293.0,8.0,4.0,3.942073170731707,7.797255174810172,5.836022431559495,2.393653682408596,8.703892974511014,175,192,12,36,328,7.942073170731708
19,206.95555555555555,17.8,1.4820578205286565,0.9221812169317001,-1.3230553800604983,45.0,4.0,1.0,1.3235294117647058,2.0342144725641096,1.381976597885342,0.5641895835477563,2.393653682408596,205,210,14,21,34,6.323529411764706
20,421.11494252873564,9.348884381338742,5.160392640383983,4.818769633956486,-0.9649026391973496,1479.0,10.0,3.0,3.9023746701846966,6.231677632421503,5.556622981616415,2.1850968611841584,9.25339718068125,409,438,0,19,379,7.902374670184696
21,123.97142857142858,16.538095238095238,2.509882052623278,2.048375833640174,-1.0309864833434403,210.0,5.0,2.0,1.9090909090909092,3.523362819972964,2.876813695875796,1.1283791670955126,4.51351666838205,119,130,11,23,110,7.909090909090909
22,388.7295528898582,10.812431842966195,5.193005945339946,2.725869332474773,-1.4825077383755523,917.0,9.0,4.0,4.13063063063063,5.4115163798060095,4.652426491681278,1.7841241161527712,7.225151993843567,383,395,1,22,222,9.13063063063063
23,551.3297101449275,15.065217391304348,2.774470899467596,1.995702232579793,1.4636033128397405,276.0,7.0,3.0,2.967741935483871,3.385137501286538,2.985410660720923,1.1283791670955126,4.652426491681278,547,555,10,21,93,6.967741935483871
24,697.1626016260162,25.065040650406505,2.78377206669421,1.4172372391184653,0.5069125470440371,123.0,4.0,2.0,1.921875,3.523362819972964,2.4592453796829674,0.9772050238058398,3.9088200952233594,692,703,21,28,64,8.921875
25,856.3588162762022,13.770653514180024,8.763297280160433,4.732143862533594,1.5267063014493663,811.0,5.0,3.0,2.650326797385621,7.001408606295148,6.050259243299904,2.4592453796829674,9.062226582657155,844,867,0,31,306,5.650326797385621
26,444.5235602094241,36.85514834205934,6.244803886320986,3.1229316905498647,0.7968582052602148,573.0,5.0,2.0,2.187022900763359,5.382025607773058,4.753945931439391,1.9544100476116797,7.776816725043752,432,455,24,46,262,7.187022900763359
27,971.2098609355246,13.419721871049305,9.191427054672493,2.6455820015123344,-0.5181565899411483,791.0,8.0,3.0,2.8453237410071943,5.108953969950291,4.982787485166879,1.8712051592547776,8.018640596081465,958,986,0,25,278,6.845323741007194
28,461.1375,28.325,2.121176830521092,1.2800693745580514,-1.5289104781192697,80.0,4.0,2.0,2.0,2.985410660720923,1.9544100476116797,0.5641895835477563,3.0382538898732494,458,463,24,32,40,6.0
29,669.4014285714286,26.222857142857144,5.989485926404548,2.8444617098794014,0.5832882076750218,700.0,7.0,2.0,2.7237354085603114,4.406461512053774,4.686510657907603,1.7841241161527712,7.632215220473915,656,681,20,37,257,6.723735408560311
30,699.8471615720524,38.21033478893741,7.010372338114357,4.095693682125695,1.41262739453722,1374.0,12.0,3.0,3.5140664961636827,5.077706251929807,5.4115163798060095,2.0342144725641096,9.166995688475081,691,710,14,52,391,7.514066496163683
31,56.875,31.241071428571427,1.979894729789071,1.4132755760471938,-0.17849481875184178,112.0,6.0,2.0,2.1538461538461537,2.393653682408596,1.9544100476116797,0.7978845608028654,3.2897623212397704,53,62,28,35,52,9.153846153846153
32,486.5768757687577,35.7859778597786,6.828256252745542,2.7834983264100233,1.0256260671149333,813.0,8.0,3.0,2.862676056338028,5.499039842323396,5.140011726956917,1.7841241161527712,7.958873497585845,478,497,25,50,284,6.862676056338028
33,242.04069576632753,20.331473580571053,13.39079848881966,8.832986686643443,-0.8359485963230033,3047.0,8.0,2.0,2.5328345802161265,9.321941800299703,10.448937312523231,3.8678889139475245,16.641201909113953,213,274,0,51,1203,6.532834580216126
34,220.76036866359448,32.94930875576037,2.650109552372509,1.9860957555913745,-0.9163001303867988,217.0,5.0,2.0,2.047169811320755,3.5682482323055424,2.876813695875796,1.1283791670955126,4.583497844237541,216,227,27,38,106,10.047169811320755
35,996.5714285714286,41.69642857142857,1.6412729448719896,1.3673623342853414,0.8738886328111143,56.0,3.0,1.0,1.0566037735849056,2.5231325220201604,1.9544100476116797,0.5641895835477563,2.9316150714175193,993,999,37,45,53,6.056603773584905
36,81.22200392927309,48.95874263261297,5.779559769648881,2.1302212110273007,1.0882155709566932,509.0,6.0,3.0,2.859550561797753,5.670035141386943,4.1073621666150775,1.5957691216057308,6.3078313050504,74,89,37,57,178,9.859550561797754
37,369.84615384615387,41.61538461538461,2.528718328721071,1.6033521502118337,0.3441108512559,117.0,4.0,2.0,1.7727272727272727,3.431831258788849,2.4592453796829674,0.7978845608028654,3.9088200952233594,365,375,37,45,66,7.7727272727272725
38,574.8391608391609,40.18881118881119,7.392183995185396,3.209167942825586,-0.6364119372480737,858.0,6.0,2.0,2.4869565217391303,7.136496464611085,5.725898905580716,2.256758334191025,9.0270333367641,563,588,31,54,345,6.48695652173913
39,853.0430107526881,44.11827956989247,2.115431815477925,1.650503564377646,0.19881277809810885,93.0,4.0,2.0,1.6607142857142858,3.0901936161855166,2.256758334191025,0.7978845608028654,3.5682482323055424,849,858,40,47,56,6.660714285714286
40,120.02631578947368,34.48641765704584,7.254504577086073,2.973407223505017,0.2029438097646103,1178.0,8.0,3.0,3.3371104815864023,7.247146419131151,5.725898905580716,2.326213245840639,8.991702346646203,106,135,24,42,353,7.337110481586402
41,793.333512641205,36.870360408821945,5.753422963851942,3.889862958921117,-1.0705869387121338,1859.0,12.0,5.0,5.121212121212121,7.1141599576634995,5.997417539138688,2.326213245840639,9.321941800299703,784,805,26,54,363,8.121212121212121
42,278.43804262036303,41.41120757695343,8.502445498310745,4.785799834659687,0.6208846935701465,1267.0,8.0,3.0,2.9126436781609195,6.699380116989518,6.050259243299904,2.256758334191025,9.83698151873187,262,292,24,53,435,6.9126436781609195
43,970.2033898305085,46.101694915254235,1.8680136065472916,1.3088365729828664,0.0552571769207175,59.0,3.0,1.0,0.9833333333333333,2.1850968611841584,1.8712051592547776,0.5641895835477563,3.1915382432114616,965,974,42,50,60,5.983333333333333
44,216.80281690140845,55.63380281690141,1.7977641039751069,1.3954122513564469,-0.8582245751354007,71.0,4.0,1.0,1.4489795918367347,2.7057581899030048,2.0342144725641096,0.7978845608028654,3.141274657157109,214,220,52,59,49,6.448979591836735
45,891.1823146397816,40.19029615626969,12.677958159155532,7.171333836840738,-1.3002345677510971,9522.0,20.0,5.0,6.011363636363637,11.11324596323283,10.896310731002211,4.145929793656026,18.04524905802128,869,909,14,80,1584,10.011363636363637
46,64.51711026615969,47.56653992395437,4.226478829172512,1.490473077930754,-1.4778771253856897,263.0,6.0,2.0,2.711340206185567,3.6996385101659595,2.985410660720923,1.1283791670955126,4.820437914901168,61,68,40,56,97,9.711340206185566
47,922.9448818897638,53.54724409448819,12.691423143615022,2.3559417087471664,-1.047627956795476,1016.0,8.0,2.0,2.83008356545961,5.890312181373172,5.352372348458314,2.0342144725641096,8.812923024107548,911,941,31,70,359,10.83008356545961
48,201.2280701754386,57.46140350877193,4.333274216114123,1.9810330718581717,0.04945617147908364,570.0,7.0,4.0,3.9310344827586206,4.853342309955121,3.742410318509555,1.5957691216057308,5.808687281605183,192,209,53,62,145,7.931034482758621
49,813.6748858447488,48.391780821917806,6.100744928068945,3.068514921477824,-0.9997694668457653,1095.0,11.0,3.0,3.498402555910543,4.720348719413148,4.918490759365935,1.8712051592547776,8.19532708223289,802,822,38,63,313,9.498402555910543
50,413.3381555153707,53.97649186256781,7.808582124519985,5.726885660539389,0.3761712541686207,1106.0,6.0,2.0,2.4201312910284463,7.797255174810172,6.579524642479541,2.393653682408596,10.479356408358663,393,430,36,63,457,6.420131291028446
51,1018.5628058727569,67.13376835236542,3.014179832729887,2.495211168653071,-0.050379355968666675,613.0,9.0,5.0,4.7890625,4.583497844237541,3.477898169151024,1.381976597885342,5.382025607773058,1011,1023,62,73,128,8.7890625
52,4.229166666666667,61.760416666666664,2.426217226828825,1.863411504074551,-0.13419231435421114,96.0,3.0,1.0,1.4545454545454546,2.985410660720923,2.5231325220201604,0.9772050238058398,4.068428945128219,0,9,57,66,66,6.454545454545454
53,617.9270946681175,61.06311207834603,3.7302563073287502,2.95573850395825,0.5951066341252169,919.0,12.0,4.0,4.482926829268293,4.686510657907603,4.1841419359420025,1.5957691216057308,6.699380116989518,608,627,53,68,205,8.482926829268292
54,668.8018867924528,64.75471698113208,2.565617337627306,1.574348256581789,-1.3771401453611247,106.0,3.0,1.0,1.5820895522388059,3.2410224072142872,2.5854414729132054,0.9772050238058398,4.068428945128219,665,672,60,70,67,6.582089552238806
55,134.54430379746836,57.221518987341774,5.9719463454912844,1.574122400905138,-0.6972184093936942,158.0,3.0,1.0,1.4766355140186915,3.8678889139475245,3.3377905890622728,1.2615662610100802,5.292567428401227,127,144,51,65,107,5.4766355140186915
56,740.7251324308417,49.02530900529723,7.577396345475626,4.002587108723785,1.1005515245701079,1699.0,10.0,3.0,3.6226012793176974,7.001408606295148,6.383076486422923,2.4592453796829674,10.295493776366547,728,751,37,67,469,7.622601279317697
57,72.57327586206897,68.75431034482759,2.9203246419675666,1.9154378771911176,0.21177562090358903,232.0,6.0,2.0,2.128440366972477,3.656366395715726,2.9316150714175193,1.1283791670955126,4.820437914901168,66,80,64,74,109,8.128440366972477
58,923.96011816839,79.43104605881562,29.354180752501982,8.890440985710681,-1.5117203348079078,7447.0,10.0,4.0,4.042888165038002,14.306406146065385,13.422495877444907,5.108953969950291,21.41692195416611,906,954,12,134,1842,7.042888165038002
59,972.9798488664987,76.38035264483628,2.9451137561150227,2.640485324855367,1.1244213574351132,397.0,7.0,2.0,2.157608695652174,3.5682482323055424,3.385137501286538,1.2615662610100802,5.641895835477563,966,981,69,84,184,8.157608695652174
60,314.18947368421055,75.61315789473684,5.817949640146127,2.0951370131359335,0.035480776345095,380.0,4.0,2.0,2.261904761904762,6.457444935117649,4.259537945889915,1.692568750643269,6.358093703724522,304,327,71,81,168,8.261904761904763
61,449.2857142857143,65.39955357142857,5.143154928571267,2.069330350572437,0.6982720770901722,448.0,7.0,2.0,2.682634730538922,3.989422804014327,3.656366395715726,1.381976597885342,6.102643417692329,436,457,57,72,167,7.682634730538922
62,370.31362378976485,71.61929460580913,5.191559919094769,3.6181094761960853,0.1646897465962991,2892.0,21.0,7.0,8.3342939481268,5.725898905580716,5.440847306724618,2.111004122822376,8.848967849484623,358,383,61,80,347,11.3342939481268
63,35.056451612903224,76.0,1.915174314103477,1.7500832922294967,0.0534117287848011,124.0,4.0,2.0,2.1379310344827585,3.523362819972964,2.393653682408596,0.9772050238058398,3.6125759969217834,31,39,72,79,58,8.137931034482758
64,491.8959236773634,67.05984388551605,4.082701122612312,2.590874060597048,-1.5180970541925083,1153.0,15.0,4.0,5.362790697674418,4.3336224206596095,3.9088200952233594,1.5957691216057308,6.699380116989518,485,498,57,78,215,9.362790697674418
65,161.17316017316017,91.37662337662337,3.8076751554766695,2.267003331823973,1.4229807525039788,462.0,7.0,2.0,2.552486187845304,4.1841419359420025,3.523362819972964,1.381976597885342,5.890312181373172,155,166,80,100,181,8.552486187845304
66,245.84554455445544,115.72594059405941,20.758501733451055,6.662403540591431,-1.3835781068021693,2525.0,8.0,2.0,2.37758945386064,8.462843753216344,9.772050238058398,3.656366395715726,15.797308339337176,231,267,82,170,1062,6.37758945386064
67,528.6119047619047,74.04880952380952,5.59022381559681,3.1746716783478632,-0.16064453623284272,840.0,6.0,3.0,2.9681978798586575,7.001408606295148,5.077706251929807,2.0342144725641096,7.938851142601841,516,542,65,82,283,6.968197879858657
68,813.6610169491526,85.38983050847457,1.9332672472032788,1.5444840320429947,1.0989684022836763,118.0,5.0,1.0,1.7352941176470589,2.5231325220201604,2.0342144725641096,0.7978845608028654,3.477898169151024,810,818,81,91,68,9.735294117647058
69,403.8992805755396,86.21502797761791,9.828746947344621,3.601728131966518,1.4310204955633952,1251.0,9.0,3.0,2.8891454965357966,4.886025119029199,5.944106103225343,2.111004122822376,9.788323438736636,396,415,72,107,433,6.8891454965357966
70,491.43023255813955,90.32558139534883,2.3533652077725113,1.2467116065805526,1.506545680938563,86.0,4.0,1.0,1.5636363636363637,2.763953195770684,2.0342144725641096,0.7978845608028654,3.431831258788849,488,494,86,95,55,8.563636363636364
71,679.6727272727272,82.87792207792208,3.6538401248645633,2.4832242999556216,-1.051707857725288,385.0,5.0,2.0,2.5496688741721854,4.686510657907603,3.742410318509555,1.4927053303604616,5.944106103225343,674,685,77,92,151,6.549668874172186
72,776.2155388471178,93.94486215538848,3.25745378517364,2.1052860827980218,1.4927039372577786,399.0,8.0,3.0,3.2975206611570247,3.989422804014327,3.385137501286538,1.2615662610100802,5.292567428401227,771,780,87,101,121,8.297520661157025
73,67.47457627118644,92.05932203389831,3.9094689642021376,1.585160687714358,0.5591650737389623,118.0,2.0,1.0,1.388235294117647,4.918490759365935,3.0382538898732494,1.2615662610100802,4.51351666838205,61,74,88,98,85,6.3882352941176475
74,477.97297996121523,102.74104718810601,11.70379681839163,7.2359458634838685,0.8670185654247763,7735.0,21.0,6.0,6.549534292972058,8.481629223064205,9.440697438826296,3.523362819972964,15.625097846188595,461,506,73,118,1181,10.549534292972057
75,133.1173611111111,84.67951388888889,8.924585773780054,6.127992956712309,0.021603590696807125,2880.0,9.0,3.0,3.613550815558344,9.287732724180174,8.387281135541944,3.3377905890622728,13.374982468597496,108,156,70,101,797,7.613550815558344
76,569.7932873274781,101.73588456712673,11.412516001724562,8.665208789422401,0.14773052737868653,3188.0,12.0,4.0,4.296495956873315,6.955796338302048,8.6488625410045,3.0901936161855166,13.552298857686367,541,590,76,112,742,7.296495956873315
77,571.3388429752066,89.13223140495867,5.1556621528722095,1.67309436475965,-1.5316883221492128,121.0,3.0,1.0,1.315217391304348,3.477898169151024,2.985410660720923,1.1283791670955126,4.583497844237541,565,575,79,96,92,10.315217391304348
78,633.2462311557789,103.08040201005025,3.8539710270877348,1.7620836203773773,-1.0370905972952729,199.0,5.0,2.0,2.051546391752577,3.0382538898732494,2.9316150714175193,1.1283791670955126,4.853342309955121,626,637,95,110,97,7.051546391752577
79,843.4396551724138,104.12931034482759,1.9312870484274278,1.8405702126137016,1.2646860408307221,116.0,4.0,2.0,2.0714285714285716,3.5682482323055424,2.326213245840639,0.7978845608028654,3.656366395715726,840,847,99,107,56,7.071428571428571
80,19.906779661016948,106.42372881355932,1.8861275339598293,1.7683800899496553,-0.754251223912864,118.0,4.0,2.0,2.1454545454545455,3.385137501286538,2.326213245840639,0.7978845608028654,3.656366395715726,16,23,102,110,55,6.1454545454545455
81,98.11934156378601,108.40123456790124,3.0486476107693012,2.5974151652632043,1.499704087535927,486.0,9.0,3.0,3.24,3.6125759969217834,3.3377905890622728,1.2615662610100802,5.613615477764332,92,106,102,117,150,10.24
82,648.7176287051482,107.08736349453979,3.560247466180784,2.8173995226055983,0.6108422815309332,641.0,8.0,3.0,3.427807486631016,4.982787485166879,3.9088200952233594,1.5957691216057308,6.432750982580687,641,656,100,114,187,7.427807486631016
83,982.7020641631435,117.79631932355136,12.941960419720814,6.297216954187427,-1.240554867618041,4021.0,13.0,3.0,3.6554545454545453,7.918778161951929,8.758577656805558,3.2897623212397704,15.274853405932202,966,1007,75,136,1100,7.655454545454545
84,1020.0684523809524,104.29464285714286,4.166262587802735,2.151310498294397,-1.4332833133143872,336.0,5.0,2.0,2.4,4.51351666838205,3.6996385101659595,1.381976597885342,5.641895835477563,1014,1023,93,112,140,6.4
85,194.84218512898332,102.28983308042488,3.410710669639009,3.1471539477560295,-0.703404238500833,659.0,8.0,3.0,3.468421052631579,5.322553886092406,4.145929793656026,1.5957691216057308,6.6755811781245455,186,202,96,109,190,7.468421052631579
86,166.4817518248175,115.53284671532846,2.6338406388477407,1.90259447784803,-1.2684912655891147,137.0,3.0,2.0,1.8513513513513513,3.949327084834294,2.876813695875796,1.1283791670955126,4.296739856991561,163,170,110,121,74,5.851351351351352
87,792.3066235864297,113.53037156704362,19.630284578198776,10.019893371442409,-0.7013012157863603,6190.0,16.0,3.0,3.765206812652068,5.890312181373172,12.087358593107094,3.7846987830302403,19.843117930641572,751,832,70,149,1644,7.765206812652068
88,523.5,113.95762711864407,1.9305279437941145,1.4628432810706882,-1.376366624396268,118.0,5.0,2.0,2.1454545454545455,2.6462837142006137,2.111004122822376,0.7978845608028654,3.385137501286538,519,526,110,118,55,9.145454545454545
89,521.2296544035675,98.25529542920847,6.564201454127978,5.90265024696848,-0.7780882077612086,1794.0,11.0,4.0,4.386308068459658,6.555290583552474,6.282549314314218,2.4592453796829674,9.933582672781009,509,534,88,119,409,7.386308068459658
90,303.95612009237874,123.7256351039261,12.555911069711366,5.211980076100972,-0.9067261897586123,2165.0,6.0,3.0,3.409448818897638,11.740024732409271,8.272643200907131,3.385137501286538,12.741194683142286,285,323,109,150,635,7.409448818897638
91,349.57201441531004,99.13185037902323,20.414520434807574,7.79127322972648,0.6484704655935002,8047.0,12.0,4.0,4.385286103542234,13.911592676604096,13.267455184007076,5.140011726956917,21.15522866750463,302,394,69,145,1835,7.385286103542234
92,93.31151241534988,130.83882618510157,15.437018769758,8.303731584092072,1.0962711268030347,2215.0,7.0,2.0,2.4887640449438204,8.214724333230155,9.09728368293446,3.385137501286538,14.361922094451577,71,117,94,162,890,6.48876404494382
93,264.07894736842104,117.0,3.681968523907412,1.5469374430999288,0.030663165050038615,114.0,3.0,1.0,1.425,3.2410224072142872,2.876813695875796,1.1283791670955126,4.583497844237541,257,271,113,120,80,5.425
94,874.6350762527234,129.85185185185185,3.4065256148878444,3.0759712153307905,-0.32461472360530685,918.0,11.0,4.0,5.016393442622951,4.61809077155419,4.068428945128219,1.5957691216057308,6.579524642479541,867,882,123,137,183,8.01639344262295
95,17.820588235294117,132.0607843137255,6.83404218536069,3.7419434732960477,0.3445704804120506,1020.0,7.0,3.0,3.279742765273312,6.6036697681803656,5.527906391541368,2.1850968611841584,8.611980229936854,4,30,124,144,311,8.279742765273312
96,697.5556094602789,117.75876288659794,12.465149340234207,11.108278266077122,1.3796544562502395,16490.0,49.0,5.0,9.186629526462395,7.1141599576634995,9.507891862878783,3.3377905890622728,19.015783725757565,677,736,81,148,1795,13.186629526462395
97,574.7841945288753,131.7386018237082,5.102359039435473,2.399334553744542,0.22343063316295933,329.0,4.0,2.0,2.238095238095238,6.050259243299904,4.068428945128219,1.5957691216057308,5.997417539138688,563,583,128,138,147,6.238095238095238
98,191.4446952595937,140.69074492099324,5.575665711661905,1.7456956204276033,-1.4489964424852104,443.0,7.0,3.0,3.097902097902098,3.8678889139475245,3.742410318509555,1.381976597885342,5.944106103225343,187,196,129,152,143,11.097902097902098
99,1017.1672077922078,149.67045454545453,8.828338760998376,4.077597104487433,1.3899620748497652,1232.0,10.0,3.0,3.0122249388753057,4.686510657907603,5.917270272703197,2.111004122822376,9.82078894558317,1005,1023,130,165,409,9.012224938875306
100,764.1655518394649,127.92809364548495,4.625534140595359,3.349229900831095,-0.03376896986540479,1196.0,12.0,4.0,4.564885496183206,5.641895835477563,4.720348719413148,1.8712051592547776,7.48482063701911,753,774,120,139,262,13.564885496183207
101,714.7256097560976,134.29268292682926,2.2152246100596056,1.5613853420269903,-1.3654787030142286,164.0,5.0,3.0,2.8275862068965516,3.3377905890622728,2.393653682408596,0.9772050238058398,3.6996385101659595,711,718,130,139,58,15.827586206896552
102,899.4638403990025,129.3715710723192,2.9974740685421946,2.3382520213246156,0.9574792117416784,401.0,7.0,3.0,3.3140495867768593,4.029119531035698,3.3377905890622728,1.381976597885342,5.322553886092406,894,905,122,135,121,7.31404958677686
103,632.436974789916,140.56302521008402,3.5744538889015938,1.7492492266644954,0.2714872638148677,119.0,2.0,2.0,1.5454545454545454,4.886025119029199,3.0382538898732494,1.2615662610100802,4.478115991081385,627,639,135,143,77,5.545454545454546
104,819.3767123287671,142.3904109589041,3.1627620403219283,1.791494542530704,-1.5096757745868887,146.0,4.0,1.0,1.5208333333333333,3.826519928662906,2.9316150714175193,0.9772050238058398,4.61809077155419,816,823,135,148,96,6.520833333333333
105,459.93454545454546,139.32415584415585,8.777679135692043,3.2844973355022913,-0.6377663784505354,1925.0,10.0,4.0,4.550827423167848,7.978845608028654,6.4820448144285745,2.5231325220201604,10.108287365572707,444,478,127,150,423,7.550827423167848
106,374.6130884041332,137.87485648679677,4.8975841717142545,2.769747196535922,-0.010216836033569807,871.0,8.0,4.0,3.905829596412556,6.257165172872317,4.652426491681278,1.8712051592547776,7.136496464611085,364,385,132,144,223,8.905829596412556
107,49.02205882352941,141.1764705882353,3.863565198667851,1.4364171813789346,-0.6239400839871154,136.0,4.0,1.0,1.2830188679245282,3.742410318509555,2.876813695875796,1.1283791670955126,4.478115991081385,42,56,135,147,106,9.283018867924529
108,905.2735849056604,148.02830188679246,1.9520091226648315,1.6313125080340722,-1.4137172049292868,106.0,4.0,2.0,1.6825396825396826,3.2410224072142872,2.1850968611841584,0.7978845608028654,3.431831258788849,902,911,144,152,63,6.682539682539683
109,928.0326721120186,149.27187864644108,3.770292048845959,3.05194142694771,0.5027974397655143,857.0,11.0,4.0,4.242574257425742,4.406461512053774,4.296739856991561,1.5957691216057308,6.723094811029982,919,937,144,158,202,9.242574257425742
110,34.13140096618358,156.67487922705314,13.226022070966797,4.080955937676911,-0.8975200689385225,2070.0,9.0,4.0,3.8475836431226766,7.898654169668588,7.611333607551958,2.8209479177387813,11.603666741842574,20,58,132,175,538,6.847583643122676
111,71.2200488997555,151.2127139364303,2.9711454133967807,2.2497802739369006,-0.19242549242952597,409.0,8.0,3.0,3.3801652892561984,4.1073621666150775,3.2897623212397704,1.2615662610100802,5.292567428401227,65,79,146,156,121,7.380165289256198
112,947.8084112149533,154.37383177570092,2.486583763707884,2.1180743895035485,-1.0027807919198979,214.0,5.0,2.0,2.1616161616161618,3.477898169151024,2.8209479177387813,1.1283791670955126,4.442433223290478,943,954,148,159,99,8.16161616161616
113,980.3907319641917,162.2559241706161,17.157390942781994,7.422251115491003,-0.5312620471295466,1899.0,6.0,2.0,2.1481900452488687,9.804569629897316,9.0270333367641,3.477898169151024,14.647213499088313,953,1023,128,183,884,6.148190045248869
114,372.0353982300885,157.56637168141592,2.2669013828339213,1.7267327762080529,0.6395411089915926,113.0,3.0,2.0,1.7936507936507937,3.431831258788849,2.5231325220201604,0.9772050238058398,3.9088200952233594,368,377,154,162,63,7.7936507936507935
115,441.3658536585366,158.6341463414634,3.3800061988064174,1.5151452653575537,0.4867473250568745,164.0,5.0,1.0,1.5045871559633028,2.5231325220201604,2.876813695875796,0.9772050238058398,4.61809077155419,433,448,154,164,109,6.504587155963303
116,540.8891610532762,140.51010410287813,11.400843358728414,4.405289644687761,-0.8082043390088434,1633.0,11.0,3.0,3.116412213740458,4.370193722368317,6.699380116989518,2.393653682408596,10.940041919714261,521,555,122,159,524,7.116412213740458
117,353.09251412429376,156.87570621468927,8.715956576242553,4.495011351611517,0.2627689250805508,1416.0,7.0,2.0,2.692015209125475,7.334464586120832,6.90988298942671,2.6462837142006137,10.86705883733894,336,379,148,169,526,6.692015209125476
118,555.0877192982456,162.94736842105263,3.697286469653918,1.4279027447885342,0.9757004917592952,114.0,4.0,1.0,1.4430379746835442,3.2897623212397704,2.5231325220201604,0.7978845608028654,4.1073621666150775,549,561,158,170,79,6.443037974683544
119,643.1449275362319,155.6086956521739,2.3312097543341266,2.0781901332217148,-0.07502213650611772,207.0,5.0,3.0,2.4939759036144578,3.742410318509555,2.876813695875796,1.1283791670955126,4.3336224206596095,638,648,152,161,83,6.493975903614458
120,776.09375,159.40625,1.690125044968175,1.380995730395762,0.9016502935560645,64.0,4.0,1.0,1.3617021276595744,2.5854414729132054,1.8712051592547776,0.5641895835477563,2.985410660720923,772,779,156,164,47,8.361702127659575
121,910.4776458260566,179.97607404820118,14.668066675305079,6.770745383328757,0.060624546111295946,5726.0,12.0,5.0,4.844331641285956,12.153015559492998,10.910907269000948,4.296739856991561,16.96325844612841,879,939,162,194,1182,7.844331641285956
122,71.76190476190476,168.53968253968253,1.8071909723835042,1.203995957961849,0.0533678363252613,63.0,4.0,1.0,1.0161290322580645,2.326213245840639,1.7841241161527712,0.5641895835477563,3.0382538898732494,67,77,165,171,62,6.016129032258065
123,596.0891089108911,169.7029702970297,2.450444291008445,1.5568905579378078,-1.0699533010980484,101.0,3.0,2.0,1.7118644067796611,3.385137501286538,2.5231325220201604,0.9772050238058398,3.7846987830302403,592,600,165,174,59,6.711864406779661
124,1019.3770491803278,179.4016393442623,3.5936146443411197,2.0414944140108533,-1.5572289261751164,244.0,4.0,2.0,2.0165289256198347,4.982787485166879,3.431831258788849,1.381976597885342,5.382025607773058,1014,1023,172,188,121,7.016528925619835
125,853.2171314741036,161.93525896414343,6.745422677968517,4.084116444226215,1.4922978162683693,1004.0,8.0,2.0,2.7282608695652173,5.836022431559495,5.585191925620057,2.111004122822376,9.044647077096718,843,863,147,177,368,7.728260869565218
126,885.6462264150944,171.78301886792454,2.679934056432332,1.9007098737417207,-0.8674037388476269,212.0,5.0,3.0,2.6835443037974684,3.656366395715726,2.8209479177387813,1.1283791670955126,4.3336224206596095,881,890,166,176,79,9.683544303797468
127,574.472049689441,179.20186335403727,3.0140584921995357,2.118319005561696,-0.058011547207201336,322.0,6.0,3.0,2.9272727272727272,4.54864184146723,3.2410224072142872,1.2615662610100802,5.014626706796775,568,582,173,183,110,6.927272727272728
128,756.5841584158416,179.88118811881188,2.6417989689340184,1.5676798454525116,-1.5445287259224105,101.0,3.0,2.0,1.6833333333333333,3.385137501286538,2.5854414729132054,0.9772050238058398,3.826519928662906,753,759,174,185,60,5.683333333333334
129,194.4019417475728,171.83495145631068,4.860346694374839,3.8832324107871985,-0.47966668029518506,1030.0,7.0,3.0,3.2802547770700636,6.699380116989518,5.382025607773058,2.1850968611841584,8.462843753216344,186,209,163,181,314,7.280254777070064
130,727.8833943833944,165.3907203907204,7.704694940857317,6.746553425218077,-0.3447681216050089,1638.0,8.0,2.0,2.814432989690722,7.715176518808164,7.136496464611085,2.7057581899030048,11.465687201119065,711,743,152,183,582,7.814432989690721
131,162.1088171375349,163.1633033219497,23.558359760914225,6.408754215364988,-0.650121584666204,6442.0,9.0,4.0,4.16957928802589,13.900147514093545,12.80349918517013,4.950743503369154,19.625365277680483,127,203,126,191,1545,7.16957928802589
132,419.69565217391306,179.85507246376812,2.5881093201187175,1.5556164742818654,1.354211838078213,69.0,2.0,1.0,1.0615384615384615,4.1073621666150775,2.393653682408596,0.9772050238058398,3.826519928662906,417,424,176,186,65,6.061538461538461
133,241.15753424657535,184.78082191780823,3.571629687878384,1.7079755983501472,-1.1464978326965438,146.0,4.0,2.0,1.7380952380952381,3.989422804014327,3.0382538898732494,1.1283791670955126,4.652426491681278,237,245,177,191,84,5.738095238095238
134,866.1990049751244,185.98009950248758,3.698313666613587,2.3550283661710254,0.7017614104838553,201.0,3.0,1.0,1.608,4.442433223290478,3.656366395715726,1.381976597885342,5.698035485213008,858,872,180,192,125,7.608
135,296.63186813186815,180.67857142857142,3.087647123765348,2.6069674257501547,-1.2783283015990736,364.0,5.0,3.0,2.63768115942029,4.753945931439391,3.656366395715726,1.4927053303604616,5.613615477764332,291,302,174,187,138,6.63768115942029
136,461.80522565320666,183.6927949326999,5.786434393297571,3.44623729207881,-0.7292998851804503,1263.0,10.0,3.0,3.547752808988764,5.944106103225343,5.201570947860099,2.0342144725641096,8.812923024107548,452,479,174,198,356,7.547752808988764
137,330.5341264871634,176.7501565435191,4.610681040916807,3.4947917459997093,-0.6057076775484971,1597.0,14.0,4.0,5.10223642172524,5.808687281605183,4.918490759365935,1.9544100476116797,8.07796550300118,321,344,167,188,313,9.10223642172524
138,361.8857731958763,195.45154639175257,7.753648720183763,3.8696905665974004,-0.09423926057232242,2425.0,13.0,4.0,4.830677290836653,6.840435166640879,6.358093703724522,2.5231325220201604,10.674967880691588,347,384,184,204,502,8.830677290836654
139,1.2463768115942029,187.04347826086956,2.0891333887058843,1.1198612467742513,-1.534704774568834,69.0,4.0,2.0,1.9166666666666667,2.763953195770684,1.8712051592547776,0.5641895835477563,2.876813695875796,0,4,183,192,36,5.916666666666667
140,188.3,198.04782608695652,5.606429441752798,1.9330109014862247,-0.5229784839559077,230.0,3.0,2.0,1.6546762589928057,5.077706251929807,3.989422804014327,1.4927053303604616,5.944106103225343,178,198,192,205,139,5.654676258992806
141,21.498697238144867,217.28973423658155,23.774872780540345,4.264466760135955,-1.0542018658714323,1919.0,7.0,2.0,2.603799185888738,7.756324418739616,8.291859587312052,3.141274657157109,13.013103375051497,0,44,186,259,737,6.603799185888738
142,976.1884191176471,206.30882352941177,10.874333882422123,5.416933883739857,0.06043421938451583,1088.0,8.0,2.0,2.3755458515283845,5.170882945826411,6.206085419025319,2.1850968611841584,10.433694507453072,943,990,195,224,458,6.3755458515283845
143,106.224,190.976,4.496300330841416,1.593904430909658,-1.0760283438446245,125.0,3.0,1.0,1.3736263736263736,3.477898169151024,2.9316150714175193,1.1283791670955126,4.583497844237541,101,111,185,201,91,6.373626373626373
144,550.5517912772585,213.45872274143304,10.03498395271936,6.130677724573267,-0.6297396488041429,2568.0,10.0,3.0,3.424,8.444016491289505,8.117274569709014,3.0901936161855166,13.074112164146964,532,587,196,232,750,7.424
145,621.3285939968405,194.51026856240125,4.41922978366026,3.1360927084794814,-1.168201981635469,633.0,6.0,3.0,2.74025974025974,6.407961869245868,4.720348719413148,1.9544100476116797,7.312732791431452,613,628,185,205,231,6.740259740259741
146,907.0585585585585,201.5990990990991,2.348975374188466,1.8703861191338471,0.3702181191166497,222.0,6.0,3.0,3.3134328358208953,3.826519928662906,2.7057581899030048,0.9772050238058398,4.1073621666150775,902,911,198,206,67,7.313432835820896
147,227.19061583577712,205.85043988269794,3.238585904341079,2.4007726161695366,0.28796342353395954,341.0,5.0,2.0,2.5073529411764706,4.61809077155419,3.5682482323055424,1.381976597885342,5.585191925620057,220,234,200,211,136,6.507352941176471
148,856.0983606557377,208.4344262295082,4.605063727655642,1.3169401501880196,-1.4043219662798956,122.0,2.0,2.0,1.5061728395061729,4.853342309955121,3.0901936161855166,1.381976597885342,4.406461512053774,853,860,200,215,81,6.506172839506172
149,404.7406639004149,200.69917012448133,5.0755244776753505,2.2123687437390247,0.6699744184952803,482.0,6.0,2.0,2.633879781420765,5.170882945826411,4.068428945128219,1.692568750643269,6.4820448144285745,397,415,192,208,183,6.633879781420765
150,152.41584158415841,205.69306930693068,2.319466918384471,1.2049698925957764,-0.25290203945254197,101.0,5.0,2.0,2.2444444444444445,2.5854414729132054,2.1850968611841584,0.7978845608028654,3.1915382432114616,148,157,203,208,45,7.2444444444444445
151,580.0985130111524,210.66728624535315,5.401077738647641,2.66495929609252,-0.7909428024324557,538.0,8.0,3.0,3.164705882352941,4.478115991081385,3.9088200952233594,1.4927053303604616,6.257165172872317,568,586,202,218,170,9.16470588235294
152,484.1912681912682,213.93762993762994,3.3682009190716222,2.986349498406641,1.2548097448520135,481.0,6.0,3.0,2.863095238095238,5.527906391541368,4.1073621666150775,1.5957691216057308,6.282549314314218,478,491,208,221,168,6.863095238095238
153,927.9689440993789,212.7111801242236,3.414732070170749,2.320032907513519,-0.7478778513173472,322.0,7.0,2.0,2.639344262295082,3.385137501286538,3.3377905890622728,1.2615662610100802,5.292567428401227,921,936,205,219,122,6.639344262295082
154,129.8608017817372,206.25278396436525,4.441077057683764,3.7942365894733965,-0.9078689194215066,898.0,10.0,3.0,3.2302158273381294,4.720348719413148,4.820437914901168,1.7841241161527712,7.878478774854901,121,142,197,218,278,7.23021582733813
155,770.4529914529915,224.17264957264956,5.696237494413727,2.336244896407358,1.4011591601343005,585.0,8.0,3.0,2.9396984924623117,4.3336224206596095,4.296739856991561,1.5957691216057308,6.886811529393324,764,775,209,237,199,6.939698492462312
156,796.3223992502343,207.3767572633552,11.420426463701467,3.87974653567402,-1.3423384104617633,1067.0,5.0,2.0,2.255813953488372,7.527227892173502,6.817128675830715,2.763953195770684,10.71960208740737,784,807,184,230,473,6.255813953488372
157,450.0995627980922,231.01907790143085,14.943699970439592,6.693974791895,-0.9620107465395877,5032.0,11.0,4.0,4.672237697307335,10.645107772184812,10.387831891992912,4.068428945128219,16.263932962808536,421,469,205,261,1077,7.672237697307335
158,69.77777777777777,227.0909090909091,2.5349525787742593,1.4945032491344779,0.3509712645129853,99.0,3.0,1.0,1.1785714285714286,3.141274657157109,2.4592453796829674,0.9772050238058398,3.9088200952233594,64,75,219,231,84,9.178571428571429
159,715.7607655502393,216.19138755980862,3.042789559806051,1.6064195369607033,-0.08890415611086362,209.0,6.0,2.0,2.6125,3.2897623212397704,2.5231325220201604,0.9772050238058398,4.296739856991561,710,725,213,220,80,9.6125
160,1020.7177419354839,215.54032258064515,2.597692972787657,1.7874253108950355,1.34051145753113,248.0,8.0,3.0,3.1,3.141274657157109,2.5854414729132054,0.9772050238058398,4.1841419359420025,1016,1023,210,221,80,7.1
161,348.26020408163265,229.1326530612245,3.464373634036345,2.2291107585817107,1.1720317573409404,196.0,3.0,1.0,1.240506329113924,4.583497844237541,3.523362819972964,1.381976597885342,5.382025607773058,343,355,219,237,158,9.240506329113924
162,746.6534090909091,221.48011363636363,3.667020794076942,1.9816043883413346,-0.03297570719939216,352.0,5.0,2.0,2.687022900763359,4.51351666838205,3.385137501286538,1.4927053303604616,5.232078956954491,737,754,216,226,131,9.687022900763358
163,876.609375,220.53125,1.7587729086103108,1.2942288834720956,-1.5518562093927701,64.0,3.0,2.0,1.7297297297297298,2.5854414729132054,1.9544100476116797,0.7978845608028654,3.0382538898732494,874,879,217,224,37,8.72972972972973
164,282.7386162034299,223.1986989946777,12.893417197100675,8.182432831141872,-1.3757354721670005,5073.0,14.0,4.0,4.039012738853503,8.77673016883152,10.060941497019325,3.6996385101659595,16.46815177937675,260,297,184,244,1256,8.039012738853502
165,516.8004956629492,243.63258983890955,10.29677088596826,5.328779698510587,0.795093670404924,1614.0,6.0,3.0,2.841549295774648,10.060941497019325,7.463526651802308,2.985410660720923,11.562445770562215,501,530,226,267,568,7.841549295774648
166,2.7857142857142856,222.08163265306123,2.6441108100339807,1.5209334712631277,1.3409185219049258,98.0,3.0,1.0,1.53125,2.9316150714175193,2.5231325220201604,0.9772050238058398,4.1073621666150775,0,6,217,228,64,7.53125
167,882.1799242424242,233.54924242424244,7.336789519576045,2.5117863127581885,1.128487459380596,528.0,5.0,2.0,2.4444444444444446,5.292567428401227,4.370193722368317,1.7841241161527712,7.069275219628611,873,889,216,245,216,6.444444444444445
168,738.0790441176471,206.04656862745097,7.895552674113028,5.907102984921783,-0.28660580045958317,1632.0,11.0,2.0,2.88339222614841,5.382025607773058,5.781222885281108,2.1850968611841584,10.357143990692485,707,755,194,228,566,7.88339222614841
169,136.376,235.296,2.4580128120714706,1.8289836018101362,-1.5115861362644465,125.0,3.0,2.0,1.6666666666666667,3.6125759969217834,2.7057581899030048,1.1283791670955126,4.1841419359420025,133,140,230,240,75,6.666666666666667
170,394.40340909090907,228.08522727272728,2.757278653969289,2.4285523233414623,1.465194108886731,352.0,5.0,3.0,3.2,4.787307364817192,3.3377905890622728,1.4927053303604616,5.108953969950291,389,399,223,234,110,15.2
171,551.1039603960396,237.8960396039604,3.2572472941089354,1.712624002165897,-0.16198679703079,202.0,6.0,2.0,2.126315789473684,3.385137501286538,2.7057581899030048,0.9772050238058398,4.406461512053774,546,558,234,244,95,9.126315789473685
172,617.5418181818181,231.6690909090909,2.355470733273842,2.097088640292566,0.7325433788895068,275.0,8.0,3.0,2.8947368421052633,3.1915382432114616,2.763953195770684,0.9772050238058398,4.442433223290478,612,622,227,237,95,7.894736842105263
173,723.31641285956,235.23688663282573,3.003328408705348,2.274651600154965,1.384505043456149,591.0,10.0,5.0,4.925,4.442433223290478,3.431831258788849,1.381976597885342,5.292567428401227,718,728,229,242,120,8.925
174,201.33602150537635,235.57258064516128,3.8888865074910632,1.8199304301512256,-0.6184510246044885,372.0,8.0,3.0,3.0491803278688523,3.742410318509555,3.1915382432114616,1.2615662610100802,5.201570947860099,194,209,229,242,122,7.049180327868853
175,424.5820895522388,231.80597014925374,2.2652017870118923,1.5355965212612492,1.5300229189456422,134.0,6.0,1.0,1.558139534883721,2.5854414729132054,2.256758334191025,0.7978845608028654,3.8678889139475245,421,429,225,238,86,6.558139534883721
176,810.1327623126339,242.94967880085653,5.123087682755597,3.2349772678252147,-1.4660410117404907,934.0,9.0,3.0,3.49812734082397,5.382025607773058,4.720348719413148,1.8712051592547776,7.590394548326596,803,824,231,254,267,7.49812734082397
177,703.7741935483871,241.93548387096774,2.6367878720247693,1.3411377432562253,-1.1416603085077417,93.0,3.0,1.0,1.631578947368421,2.9316150714175193,2.326213245840639,0.9772050238058398,3.7846987830302403,700,707,237,247,57,7.631578947368421
178,782.5392156862745,248.58823529411765,9.666184613219693,1.4540891360165047,-0.7402125374823494,102.0,4.0,1.0,0.7786259541984732,2.7057581899030048,2.6462837142006137,0.9772050238058398,4.442433223290478,771,794,238,259,131,7.778625954198473
179,313.85359801488835,244.53598014888337,5.399406957157962,2.2683995892269513,1.287746265261139,403.0,5.0,2.0,2.3160919540229883,5.077706251929807,4.3336224206596095,1.692568750643269,6.432750982580687,307,319,235,255,174,7.316091954022989
180,961.7674223341729,237.68597816960536,8.912250492707543,3.5696423968236854,-0.18461811341441497,1191.0,8.0,3.0,3.3268156424581004,6.699380116989518,6.102643417692329,2.326213245840639,9.440697438826296,939,975,229,245,358,7.326815642458101
181,375.6825709491501,248.0197709199679,29.119781723533723,15.601354143523256,-0.4182580246499817,13707.0,17.0,4.0,4.749480249480249,10.852403323135505,15.594510349620345,5.641895835477563,26.306001075107577,309,418,210,302,2886,7.749480249480249
182,460.1604938271605,244.09876543209876,1.5644683336754663,1.4310101856077382,1.3903846655736083,81.0,4.0,2.0,1.8409090909090908,2.763953195770684,1.8712051592547776,0.7978845608028654,3.0382538898732494,457,463,240,247,44,10.840909090909092
183,160.0824230387289,239.97914597815293,7.895152348039099,3.434296954456083,-1.5333834694682031,1007.0,8.0,3.0,2.692513368983957,5.725898905580716,5.863230142835039,2.1850968611841584,9.25339718068125,151,169,226,256,374,6.692513368983957
184,251.23595505617976,245.8314606741573,2.3526787107747986,1.6417762735990804,-1.2845265582053633,89.0,3.0,1.0,0.839622641509434,2.985410660720923,2.5231325220201604,0.7978845608028654,3.9088200952233594,241,255,240,251,106,6.839622641509434
185,333.41274238227146,250.14681440443212,3.4368584807093043,2.815956506349631,0.49017498937538767,361.0,5.0,2.0,2.5785714285714287,4.583497844237541,3.8678889139475245,1.5957691216057308,5.917270272703197,327,342,244,257,140,8.57857142857143
186,584.5565819861432,264.4295612009238,5.054811222631005,2.8484961856393776,-1.3974825097168198,866.0,8.0,4.0,3.5933609958506225,6.555290583552474,4.853342309955121,1.9544100476116797,7.442171739215616,578,591,254,278,241,10.593360995850622
187,24.785714285714285,254.78571428571428,4.698036089770587,1.726116249671989,-0.28510676199039303,56.0,3.0,0.0,0.42424242424242425,1.9544100476116797,2.0342144725641096,0.5641895835477563,3.385137501286538,20,36,249,259,132,7.424242424242424
188,95.47832167832168,224.48951048951048,20.586668133927038,6.917727136171872,0.2748983339785629,4290.0,14.0,3.0,3.4906427990235964,7.069275219628611,9.591222920311857,3.3377905890622728,16.39065416446578,48,129,206,260,1229,7.490642799023596
189,486.8421875,269.459375,3.839545154570687,2.9767474414542043,0.15340865441010348,640.0,7.0,3.0,3.1372549019607843,5.014626706796775,4.222008245644752,1.692568750643269,6.770275002573076,479,495,263,278,204,7.137254901960785
190,937.7047244094488,267.09842519685037,3.292243225718476,1.803672843683665,-0.23926980389753624,254.0,5.0,3.0,2.5656565656565657,4.068428945128219,3.0901936161855166,1.2615662610100802,4.720348719413148,931,946,263,272,99,6.565656565656566
191,108.94134078212291,261.5391061452514,3.273589626038986,2.297833199752664,-1.354654488771747,358.0,6.0,3.0,2.796875,4.853342309955121,3.523362819972964,1.381976597885342,5.440847306724618,104,114,256,269,128,6.796875
192,268.14002897151136,278.7402221149203,11.42801804105765,4.225641249570382,-1.2720565033522349,2071.0,13.0,3.0,3.718132854578097,4.406461512053774,7.247146419131151,2.5231325220201604,11.941642642883693,256,279,257,303,557,6.718132854578097
193,214.9437585733882,267.30727023319616,3.7605394857660395,2.9695753653407273,0.4637892840588512,729.0,9.0,4.0,4.213872832369942,4.720348719413148,4.1841419359420025,1.5957691216057308,6.530966601401967,206,222,261,275,173,8.213872832369942
194,60.121344232515895,276.6546775658492,14.873523732496958,8.532674606457594,0.5721564554913802,5505.0,11.0,3.0,3.2268464243845254,9.218933756735217,11.954962939989485,4.54864184146723,19.44613444328572,18,89,247,307,1706,7.226846424384525
195,436.72738386308066,279.7286063569682,5.152114925602772,2.4740040745769716,-1.3358333314746245,818.0,8.0,4.0,4.110552763819095,6.154581744998688,4.51351666838205,1.8712051592547776,6.770275002573076,430,442,267,289,199,8.110552763819095
196,675.3828067597354,258.60029390154295,8.900254806785426,6.1640048346717915,-1.4636635063197379,2722.0,10.0,4.0,4.440456769983687,8.920620580763856,7.776816725043752,3.0901936161855166,12.334995970645954,655,690,236,277,613,8.440456769983687
197,859.8764534883721,267.9098837209302,9.167043879924973,6.501346261706038,-0.46509046587684033,1376.0,10.0,2.0,2.5528756957328387,4.982787485166879,6.6036697681803656,2.326213245840639,11.055812783082736,843,876,256,288,539,6.552875695732839
198,179.78301886792454,270.0820754716981,9.798198353322366,5.370691019125093,-0.7001690832847431,1060.0,6.0,2.0,2.2795698924731185,7.506054213402069,6.432750982580687,2.4592453796829674,10.448937312523231,164,200,257,287,465,6.279569892473118
199,776.1097708082026,278.9384800965018,19.333102280977993,9.194881215206289,-1.4627041969396866,1658.0,7.0,2.0,2.296398891966759,5.917270272703197,8.272643200907131,2.985410660720923,13.219384536161321,762,797,236,306,722,6.296398891966759
200,459.1578400830737,265.4797507788162,5.664421357771778,3.9377112620581456,0.6695740357957854,963.0,8.0,3.0,2.927051671732523,6.180387232371033,5.352372348458314,2.0342144725641096,8.537737635702333,448,471,255,276,329,6.927051671732523
201,295.55913978494624,281.94862604540026,6.399297560088254,3.4331156189167977,-1.4403225048255526,837.0,6.0,3.0,2.6741214057507987,7.463526651802308,5.725898905580716,2.256758334191025,8.6488625410045,288,303,269,298,313,7.674121405750799
202,808.6520577231427,278.4612506680919,8.56981902518541,5.279865345392129,0.46389329243985206,1871.0,8.0,3.0,3.3232682060390766,8.848967849484623,7.158763278359629,2.8209479177387813,11.32602684669552,793,825,265,294,563,7.323268206039076
203,864.5627009646303,280.3504823151125,4.21912742156213,2.4476529218278524,-0.8594890421566195,311.0,4.0,1.0,1.7277777777777779,5.262410103554244,3.6996385101659595,1.4927053303604616,6.282549314314218,857,872,271,287,180,8.727777777777778
204,998.1809198023565,269.4237932345116,13.818413895458482,4.813065193995577,-0.9549333448150102,2631.0,9.0,3.0,3.3558673469387754,8.51907589177983,8.058239062071396,3.141274657157109,13.061933202803933,979,1023,243,294,784,8.355867346938776
205,660.3834586466165,287.65413533834584,4.316141514192956,1.4557805898158165,-1.3674201783268578,133.0,3.0,1.0,1.4777777777777779,3.477898169151024,2.985410660720923,1.1283791670955126,4.753945931439391,657,664,280,295,90,10.477777777777778
206,1015.5195729537367,297.55960854092524,8.407331434890926,3.009716509346608,-1.5098539210800719,1124.0,11.0,2.0,2.8383838383838382,4.370193722368317,5.108953969950291,1.8712051592547776,9.40692023773423,1008,1023,280,321,396,6.838383838383838
207,416.63358778625957,288.2671755725191,2.8421976371673376,2.033745122327362,-1.379952959097099,131.0,4.0,1.0,1.5783132530120483,3.477898169151024,2.763953195770684,1.1283791670955126,4.442433223290478,412,421,280,293,83,8.578313253012048
208,613.6232570039657,281.7798388128438,15.59027425889066,8.167177920427065,-0.11283588721142532,15634.0,55.0,4.0,8.872871736662884,7.046725639945928,8.500373177909337,3.0901936161855166,18.81384047546846,559,647,250,304,1762,12.872871736662884
209,699.9438543247345,280.89833080424887,4.0306537417990596,2.533204384950902,-1.084639468488676,659.0,10.0,3.0,3.3969072164948453,4.370193722368317,3.742410318509555,1.381976597885342,6.231677632421503,692,707,269,287,194,9.396907216494846
210,111.8701923076923,299.0352564102564,9.521123787508337,3.455993463938057,-0.052303631253573325,624.0,8.0,2.0,2.337078651685393,4.1073621666150775,4.3336224206596095,1.5957691216057308,7.776816725043752,100,135,286,306,267,6.337078651685394
211,359.5927051671733,284.90577507598783,3.0493610640988558,2.4108803307721853,-0.03982148103664226,329.0,5.0,2.0,2.590551181102362,4.478115991081385,3.477898169151024,1.381976597885342,5.4115163798060095,353,366,280,290,127,6.590551181102362
212,527.1585365853658,285.6829268292683,4.233960113603272,1.3913006109376356,0.32918097166352167,82.0,3.0,1.0,0.7321428571428571,2.326213245840639,2.4592453796829674,0.7978845608028654,4.068428945128219,518,535,281,290,112,6.732142857142857
213,397.86341463414635,285.33658536585364,2.937973388181189,1.8694661497382676,0.5769510644624392,205.0,6.0,2.0,2.4404761904761907,3.2410224072142872,2.763953195770684,0.9772050238058398,4.370193722368317,392,403,282,294,84,10.44047619047619
214,179.80633802816902,299.48943661971833,3.582040766715749,1.793285934670015,-1.3317905052955623,284.0,6.0,2.0,2.5357142857142856,3.989422804014327,3.1915382432114616,1.1283791670955126,5.046265044040321,176,184,291,307,112,6.535714285714286
215,20.78916827852998,289.9129593810445,8.886752581962169,2.8924474699021254,0.031290970717454694,517.0,5.0,2.0,1.9884615384615385,4.686510657907603,5.014626706796775,1.7841241161527712,8.07796550300118,5,34,285,297,260,5.9884615384615385
216,490.09004739336496,291.1658767772512,2.856273951887464,1.704582511880305,-1.5571237834867744,211.0,5.0,2.0,2.221052631578947,3.6125759969217834,2.763953195770684,1.1283791670955126,4.406461512053774,487,494,284,297,95,8.221052631578948
217,513.3519313304721,303.3090128755365,2.5973477918818633,2.011794066461397,1.3909692533164484,233.0,8.0,1.0,1.606896551724138,2.5854414729132054,2.7057581899030048,0.9772050238058398,4.686510657907603,505,519,294,309,145,6.606896551724138
218,61.98689956331878,298.8580786026201,2.7776283696314907,2.202680998304203,1.2406861543443086,458.0,9.0,4.0,4.446601941747573,3.8678889139475245,3.1915382432114616,1.2615662610100802,4.918490759365935,57,67,292,304,103,11.446601941747574
219,1.8598130841121496,302.23364485981307,2.8316758062670413,1.5470459413705262,-1.3279303503078468,107.0,5.0,1.0,1.9454545454545455,2.1850968611841584,2.0342144725641096,0.7978845608028654,3.6996385101659595,0,6,299,310,55,6.945454545454545
220,42.09704641350211,309.6940928270042,3.863112699417498,2.6617996567588182,0.5467348374639848,474.0,6.0,3.0,2.9079754601226995,5.527906391541368,4.145929793656026,1.5957691216057308,6.282549314314218,36,50,302,315,163,7.9079754601226995
221,359.62025316455697,300.36708860759495,4.2881507512603125,1.4767879656290095,0.05636250834348725,158.0,3.0,2.0,1.5490196078431373,4.3336224206596095,3.141274657157109,1.2615662610100802,4.652426491681278,352,367,296,304,102,6.549019607843137
222,385.57421875,300.66015625,2.5524706274472972,1.9487137421266307,0.1487346974432981,256.0,6.0,3.0,2.942528735632184,3.8678889139475245,2.8209479177387813,1.1283791670955126,4.406461512053774,380,391,296,306,87,6.942528735632184
223,410.19607843137254,310.15686274509807,2.120901356711738,1.6805789710914714,-1.2876254959753992,153.0,5.0,2.0,2.5081967213114753,3.0901936161855166,2.393653682408596,0.9772050238058398,3.6996385101659595,406,414,306,314,61,13.508196721311476
224,162.45,306.6,1.4661032795254407,1.2992463868562139,0.06520165393944052,40.0,2.0,1.0,1.0,2.985410660720923,1.692568750643269,0.5641895835477563,2.7057581899030048,160,166,304,310,40,6.0
225,255.42857142857142,313.98571428571427,2.4937030795979855,1.7734673516659498,0.10027570536217773,210.0,6.0,2.5,2.6923076923076925,3.523362819972964,2.6462837142006137,0.9772050238058398,4.1841419359420025,249,261,310,318,78,6.6923076923076925
226,202.71333333333334,312.18333333333334,9.915890570495213,1.8301161998806887,-1.5426607963766388,300.0,5.0,1.0,1.075268817204301,3.5682482323055424,3.742410318509555,1.381976597885342,6.579524642479541,197,214,289,324,279,6.075268817204301
227,945.8847719869707,310.78298045602605,16.409524262550825,14.172944303342984,1.115884317535996,4912.0,13.0,3.0,4.006525285481239,8.462843753216344,10.108287365572707,3.742410318509555,17.407785949022028,907,978,287,358,1226,7.006525285481239
228,913.2919708029198,315.1824817518248,3.106294918699444,1.719015147008774,-0.7691027901319714,137.0,3.0,2.0,1.6506024096385543,3.9088200952233594,2.9316150714175193,1.1283791670955126,4.406461512053774,908,920,311,320,83,7.650602409638554
229,277.06306306306305,318.44144144144144,3.20066475571481,1.6840952777900926,-0.6542698489264197,111.0,3.0,1.0,1.2197802197802199,3.141274657157109,2.763953195770684,0.9772050238058398,4.442433223290478,272,283,312,323,91,8.219780219780219
230,889.0813008130082,312.5162601626016,2.4005190571623736,2.1339645668928333,0.10391146851198424,246.0,6.0,2.0,2.1964285714285716,3.826519928662906,2.876813695875796,1.1283791670955126,4.51351666838205,883,895,307,317,112,7.196428571428571
231,88.45035460992908,307.5531914893617,2.8639154501064064,2.028642238247258,-1.5175424043765642,282.0,6.0,3.0,2.5871559633027523,4.1841419359420025,3.0382538898732494,1.1283791670955126,4.753945931439391,84,93,301,315,109,7.587155963302752
232,129.4402985074627,318.55223880597015,2.122507664355313,1.2943087799580282,-1.2463239584307244,134.0,6.0,3.0,2.851063829787234,2.876813695875796,2.111004122822376,0.7978845608028654,3.2897623212397704,127,133,314,323,47,7.851063829787234
233,792.0483870967741,320.4129032258065,4.998419007333125,2.1162374425354664,0.13598457783269707,310.0,4.0,2.0,2.1379310344827585,5.970821321441846,3.989422804014327,1.5957691216057308,5.970821321441846,781,800,317,326,145,6.137931034482759
234,175.32696897374703,325.9761336515513,4.0338159052955485,2.375359055679061,-1.5003452493285119,419.0,7.0,3.0,3.014388489208633,3.9088200952233594,3.742410318509555,1.381976597885342,5.753627391751592,169,181,319,336,139,7.014388489208633
235,363.9760837070254,321.9865470852018,4.54136501902039,2.5195922218627294,1.5543768301611638,669.0,7.0,4.0,3.88953488372093,5.4700209598571305,4.1841419359420025,1.692568750643269,6.506551687525748,358,369,313,331,172,6.8895348837209305
236,703.6987487969201,326.87199230028875,4.356390621888637,2.988008866399793,-1.4210798297932745,1039.0,12.0,4.0,4.206477732793522,5.077706251929807,4.478115991081385,1.692568750643269,7.247146419131151,697,714,317,337,247,10.206477732793521
237,673.6422388920946,305.95556837853434,13.301708883230978,3.8436416466582766,1.104847449482098,1733.0,8.0,3.0,3.587991718426501,8.593479713983122,6.840435166640879,2.6462837142006137,10.793582275744573,655,685,277,331,483,8.587991718426501
238,844.6898288016113,336.1802618328298,10.721334784407398,4.788035817470912,0.918996322567025,2979.0,15.0,4.0,4.527355623100304,5.292567428401227,7.527227892173502,2.6462837142006137,12.666024736934256,828,864,307,356,658,7.527355623100304
239,739.4827586206897,319.60919540229884,2.6862807155808253,1.3756324622776037,0.5916564235714107,87.0,3.0,1.0,0.8529411764705882,2.8209479177387813,2.256758334191025,0.7978845608028654,3.6996385101659595,736,746,313,326,102,5.852941176470588
240,230.98335854765506,337.0680786686838,8.690047644629988,4.473499706643176,0.36984871211334636,1322.0,8.0,3.0,3.672222222222222,7.399277020331919,6.128667601500942,2.393653682408596,9.52461639974967,215,248,328,350,360,6.6722222222222225
241,965.7400257400258,340.73745173745175,6.1916855714049905,3.443251937964667,-0.8331227406139513,777.0,5.0,3.0,2.7359154929577465,7.024103669400641,5.352372348458314,2.1850968611841584,8.234075889688375,952,975,327,353,284,8.735915492957746
242,1.4,331.5,1.0832051206181281,0.88506120316062,1.4575235605589173e-13,30.0,3.0,1.0,1.3636363636363635,1.5957691216057308,1.1283791670955126,0.0,1.9544100476116797,0,4,329,334,22,6.363636363636363
243,119.64571428571429,331.9085714285714,2.4758249165512733,1.4616475059281389,-0.12385179626259606,175.0,7.0,3.0,2.8688524590163933,2.4592453796829674,2.256758334191025,0.7978845608028654,3.6996385101659595,115,124,329,336,61,7.868852459016393
244,689.7786458333334,346.9296875,4.145450746087096,2.7723231708442038,-1.1108171052462308,768.0,8.0,4.0,4.338983050847458,5.836022431559495,4.296739856991561,1.692568750643269,6.6036697681803656,683,697,339,356,177,10.338983050847459
245,71.1159420289855,346.8768115942029,7.187568055698978,1.719062257026047,0.13123164241669413,138.0,2.0,1.0,0.8363636363636363,5.917270272703197,3.5682482323055424,1.381976597885342,5.527906391541368,58,82,341,352,165,5.836363636363636
246,22.184158415841583,330.86336633663365,7.581618450704261,2.4541626334490045,-1.1945506486349209,505.0,6.0,2.0,2.186147186147186,5.292567428401227,4.583497844237541,1.5957691216057308,7.334464586120832,15,30,320,346,231,7.186147186147186
247,526.0202429149798,347.44534412955466,3.920038176422667,2.1163870012365122,-0.12329773298661481,247.0,4.0,2.0,1.9296875,4.950743503369154,3.431831258788849,1.381976597885342,5.499039842323396,518,534,342,353,128,14.9296875
248,280.84192439862545,345.9106529209622,3.2195901095221537,2.639879983045496,-0.689176697597794,291.0,5.0,2.0,2.2734375,3.7846987830302403,3.6996385101659595,1.4927053303604616,5.641895835477563,275,287,340,351,128,8.2734375
249,652.5800671892497,342.35498320268755,4.0292149691846575,2.5687678783224897,-0.18201682340691572,893.0,11.0,4.0,4.4874371859296485,4.753945931439391,3.989422804014327,1.5957691216057308,6.555290583552474,641,662,336,348,199,11.487437185929648
250,315.3314190547292,343.6009303394016,16.49828766863312,9.943627068474122,0.3509986377045997,17413.0,37.0,4.0,7.597294938917975,9.166995688475081,10.925484305920792,4.029119531035698,21.887356594769614,260,346,307,376,2292,10.597294938917976
251,476.4065040650407,350.9105691056911,3.5094537026754677,1.6935804811748825,0.6656542203499033,123.0,3.0,1.0,1.1941747572815533,3.3377905890622728,2.8209479177387813,1.1283791670955126,4.51351666838205,469,483,347,361,103,12.194174757281553
252,835.0404721753795,357.318718381113,2.883394332320222,2.497759842363259,0.19274117331482996,593.0,9.0,5.0,4.860655737704918,4.51351666838205,3.431831258788849,1.381976597885342,5.4115163798060095,829,842,351,362,122,7.860655737704918
253,714.0301507537688,347.79899497487435,2.911277371059137,1.6732408360274122,-1.286804203104,199.0,5.0,2.0,2.45679012345679,3.3377905890622728,2.763953195770684,0.9772050238058398,4.370193722368317,709,717,341,354,81,7.45679012345679
254,811.5558659217877,357.5754189944134,2.6547216006799412,2.1382553208501545,1.278549564823534,358.0,6.0,4.0,3.5445544554455446,4.652426491681278,3.141274657157109,1.2615662610100802,4.61809077155419,807,816,352,363,101,7.544554455445544
255,428.65413533834584,352.35714285714283,2.8293329852729747,1.7663187495512875,1.3809154311869047,266.0,6.0,3.0,3.1294117647058823,3.989422804014327,2.763953195770684,1.1283791670955126,4.259537945889915,423,431,346,359,85,14.129411764705882
256,915.3348017621146,357.8340675477239,8.495133719211642,2.3640682838067186,-0.62645516121246,681.0,6.0,2.0,2.4063604240282683,6.432750982580687,5.140011726956917,2.0342144725641096,8.03846421247924,901,928,348,369,283,7.406360424028269
257,608.593956043956,348.2620879120879,8.817878249777673,3.8095354448145677,0.0645633332685964,1820.0,10.0,4.0,4.2924528301886795,7.735777827895049,6.231677632421503,2.393653682408596,9.804569629897316,591,626,338,359,424,12.29245283018868
258,106.62465753424658,355.4027397260274,3.227940415297446,2.0938406665360376,-1.0426891111437993,365.0,6.0,4.0,3.686868686868687,5.201570947860099,3.431831258788849,1.381976597885342,5.077706251929807,101,112,350,361,99,6.686868686868687
259,633.6586538461538,358.7451923076923,3.1908453453526855,1.5970358054032245,-0.1972949051745614,208.0,6.0,2.0,2.2857142857142856,3.431831258788849,2.876813695875796,0.9772050238058398,4.51351666838205,627,641,355,362,91,12.285714285714286
260,155.85439330543932,347.03430962343094,8.916550200397955,6.069606089424528,-0.1367604683184006,1195.0,9.0,2.0,2.537154989384289,4.3336224206596095,6.180387232371033,2.1850968611841584,10.433694507453072,131,169,336,365,471,6.537154989384288
261,226.08831168831168,370.6112554112554,15.565097352530017,4.426894456078056,0.8714797245324719,3465.0,14.0,3.0,3.766304347826087,6.555290583552474,8.79484521425256,3.141274657157109,14.104739588693908,205,248,342,399,920,7.766304347826087
262,975.5156462585034,364.853514739229,6.520194893286147,5.473637482557547,0.17216620452895107,2205.0,10.0,4.0,4.144736842105263,8.311031542587394,7.091753098990329,2.7057581899030048,11.012541334134653,963,988,352,378,532,8.144736842105264
263,880.4330434782609,350.2365217391304,9.839055690587946,3.620706275072873,-1.1752752792618784,1150.0,6.0,2.0,2.693208430913349,8.156394191823509,6.358093703724522,2.5231325220201604,9.981532666656284,869,893,333,367,427,6.693208430913349
264,750.5740997229917,353.53739612188366,7.114127092234011,3.4255082879291345,-1.5038771257893193,1444.0,11.0,4.0,3.6556962025316455,5.046265044040321,6.050259243299904,2.256758334191025,9.423823971471327,743,759,340,371,395,7.6556962025316455
265,925.9349904397706,374.2791586998088,2.9923548246038005,2.468924451556838,0.6032952611358131,523.0,9.0,3.0,3.683098591549296,4.068428945128219,3.477898169151024,1.381976597885342,5.556622981616415,919,932,368,380,142,8.683098591549296
266,356.86213991769546,370.5500685871056,8.105258291107578,6.291311538273294,0.3294124878941938,1458.0,9.0,3.0,2.904382470119522,5.322553886092406,6.579524642479541,2.393653682408596,10.823032759612019,339,371,359,393,502,7.904382470119522
267,281.8225806451613,371.5,3.159849902257503,1.0434125154626281,1.6357925528660773e-12,124.0,4.0,2.0,2.2142857142857144,3.477898169151024,2.256758334191025,0.9772050238058398,3.523362819972964,275,287,369,374,56,7.214285714285714
268,461.14728682170545,369.9922480620155,2.1074688732580293,1.6571432567574185,0.7551793289804672,129.0,4.0,1.0,1.6973684210526316,3.3377905890622728,2.326213245840639,0.9772050238058398,3.826519928662906,456,466,366,374,76,7.697368421052632
269,1004.9621621621621,379.5243243243243,5.414056034603974,2.021713439366183,1.050187208690014,185.0,4.0,2.0,1.7619047619047619,4.1841419359420025,3.2410224072142872,1.1283791670955126,5.201570947860099,1000,1014,371,391,105,6.761904761904762
270,5.435294117647059,369.3058823529412,2.2200926344740526,1.853429938032272,1.0188796493531562,85.0,3.0,1.0,1.0759493670886076,2.8209479177387813,2.4592453796829674,0.7978845608028654,3.9088200952233594,1,10,364,374,79,6.075949367088608
271,413.1526320353829,337.09270661694563,27.326124413268282,10.660848334515961,1.2036895766173097,11531.0,15.0,5.0,5.000433651344319,10.186708148166206,15.48183917680307,5.725898905580716,24.279825147895533,386,444,277,390,2306,8.00043365134432
272,729.2430555555555,368.35648148148147,6.008937325676314,2.817856182057716,1.242736613974238,864.0,6.0,2.0,2.3101604278074865,7.247146419131151,5.170882945826411,2.111004122822376,7.978845608028654,721,738,355,382,374,7.310160427807487
273,39.36734693877551,378.94557823129253,3.4504112794321693,2.098984538354667,1.5490751676362793,294.0,6.0,1.0,1.6704545454545454,4.068428945128219,3.385137501286538,1.1283791670955126,5.440847306724618,34,45,369,390,176,6.670454545454546
274,304.76932130247155,413.2577481365241,10.277868148160945,6.033042666057469,-0.9156456918136885,2549.0,12.0,2.0,3.453929539295393,7.1141599576634995,6.555290583552474,2.5854414729132054,12.205286835384658,283,327,383,426,738,7.453929539295393
275,397.0631672597865,372.19128113879003,5.036824584909927,3.7401064204805325,0.4925866405710595,1124.0,9.0,3.0,3.82312925170068,5.725898905580716,5.108953969950291,2.0342144725641096,8.214724333230155,381,405,363,383,294,7.8231292517006805
276,690.9510022271714,377.0445434298441,5.045500143897731,3.048167869958018,-0.37409885884287747,449.0,5.0,2.5,2.4944444444444445,5.352372348458314,4.296739856991561,1.692568750643269,6.4820448144285745,680,701,369,384,180,6.4944444444444445
277,770.8925438596491,395.0701754385965,9.908339959583147,6.787220989970719,-0.5050139816747731,1368.0,7.0,2.0,2.7035573122529644,6.457444935117649,6.978639737521917,2.6462837142006137,10.983598994121039,748,785,382,415,506,8.703557312252965
278,452.8378378378378,385.4054054054054,1.5857052062110844,1.195836119442277,-0.014147166915520435,37.0,2.0,1.0,1.15625,2.876813695875796,1.692568750643269,0.5641895835477563,2.6462837142006137,450,457,383,388,32,6.15625
279,824.5604137282558,400.7442407146215,13.938448502161538,9.318088743941294,0.6505646482718264,2127.0,10.0,3.0,2.9541666666666666,5.585191925620057,8.214724333230155,2.8209479177387813,13.219384536161321,802,850,383,430,720,9.954166666666667
280,183.22705314009661,386.19323671497585,3.622776738381466,1.659149999939116,0.014402836642033325,207.0,4.0,2.0,2.1789473684210527,4.583497844237541,3.1915382432114616,1.2615662610100802,4.820437914901168,177,191,383,390,95,6.178947368421053
281,555.9241837299392,382.0647482014389,6.543536154918302,4.256454770477429,-0.8646475873465427,1807.0,15.0,4.0,5.299120234604105,5.046265044040321,5.292567428401227,2.0342144725641096,8.83096382707056,544,568,362,390,341,12.299120234604105
282,84.18867924528301,395.39622641509436,2.122712673586311,2.104110700343598,0.08952178245131362,159.0,4.0,2.0,2.1780821917808217,3.989422804014327,2.7057581899030048,0.9772050238058398,4.1841419359420025,80,88,390,400,73,9.178082191780822
283,278.9950980392157,396.37132352941177,3.1581744165391537,2.832676927179086,0.952688289756547,816.0,12.0,5.0,5.1,4.686510657907603,3.742410318509555,1.4927053303604616,5.970821321441846,272,285,390,404,160,10.1
284,647.478947368421,395.79473684210524,3.45270231732641,1.6565522230075425,-0.2581080274359004,190.0,5.0,2.0,2.5675675675675675,3.141274657157109,2.8209479177387813,0.9772050238058398,4.370193722368317,639,653,391,399,74,9.567567567567568
285,138.02442409103526,392.87871218429086,10.364083118214038,5.091404795966272,-0.38712235579605503,3603.0,14.0,4.0,4.643041237113402,7.898654169668588,8.136857890256438,3.0382538898732494,13.195283541573993,115,159,378,409,776,8.643041237113403
286,917.3448275862069,399.4655172413793,1.60318858394587,1.3420396975633848,-1.450603566985082,58.0,3.0,1.0,1.16,2.393653682408596,1.8712051592547776,0.5641895835477563,2.985410660720923,914,921,396,403,50,6.16
287,541.5665236051502,404.82403433476395,6.006709245132123,1.7385243041822407,-0.5983022573230496,233.0,5.0,2.0,2.061946902654867,3.0901936161855166,3.523362819972964,1.2615662610100802,5.292567428401227,533,551,397,410,113,10.061946902654867
288,580.8715277777778,400.58159722222223,3.604119515140374,2.6505383880350095,-0.4881216640332863,576.0,9.0,3.0,3.6,4.145929793656026,3.6996385101659595,1.381976597885342,5.997417539138688,571,587,393,408,160,14.6
289,49.07425742574257,417.8168316831683,6.878267735006102,2.4669843397099878,0.7196621692557049,404.0,5.0,2.0,2.093264248704663,4.51351666838205,4.296739856991561,1.692568750643269,6.746726148605861,40,61,409,427,193,7.0932642487046635
290,265.83673469387753,409.9755102040816,3.1087669655332535,1.677627817106811,-1.3905558931248363,245.0,5.0,3.0,2.6923076923076925,3.8678889139475245,2.9316150714175193,1.1283791670955126,4.54864184146723,262,269,404,417,91,6.6923076923076925
291,437.3272727272727,405.25757575757575,13.105078040848069,2.086426084024074,0.07505127034596719,330.0,3.0,1.0,1.4601769911504425,5.292567428401227,4.753945931439391,1.7841241161527712,7.715176518808164,414,457,401,412,226,6.460176991150442
292,937.6451612903226,403.1686217008798,5.0758510227650016,3.2352779023276095,1.1225361994189633,682.0,7.0,2.0,2.728,4.54864184146723,4.853342309955121,1.7841241161527712,7.694520051971082,929,946,393,412,250,6.728
293,125.87640449438203,416.32209737827714,2.3507440812947595,2.1995739954821896,0.21708408833641646,267.0,8.0,3.0,3.1785714285714284,3.3377905890622728,2.8209479177387813,0.9772050238058398,4.406461512053774,120,130,412,421,84,7.178571428571429
294,493.96892533448425,398.012084592145,11.93116050644628,6.9406035080170865,-0.30369608656312025,2317.0,10.0,3.0,3.1826923076923075,6.90988298942671,7.918778161951929,2.763953195770684,13.122714979204218,469,514,383,423,728,11.182692307692308
295,341.9560723514212,406.4987080103359,6.705786485880627,1.9023663133645508,-1.1816202852732893,387.0,4.0,2.0,2.06951871657754,6.432750982580687,4.370193722368317,1.692568750643269,6.723094811029982,334,348,395,420,187,6.06951871657754
296,518.2487185040791,348.16497003826436,34.530424815281215,15.222023169338224,-0.8013339499029866,13851.0,15.0,4.0,4.372159090909091,8.902761462589227,17.903576608797394,6.333012368467128,28.254578293596012,460,569,300,424,3168,9.372159090909092
297,674.9842519685039,412.5590551181102,2.4269993261845326,1.5246123114386585,-0.14992186233704763,127.0,4.0,2.0,1.984375,3.656366395715726,2.4592453796829674,0.9772050238058398,3.742410318509555,669,679,409,416,64,8.984375
298,218.33333333333334,412.5,1.8502276280860837,1.6944326981966615,-0.46767166698279594,90.0,3.0,2.0,1.7647058823529411,2.985410660720923,2.256758334191025,0.7978845608028654,3.5682482323055424,215,222,409,417,51,5.764705882352941
299,526.5860655737705,421.77868852459017,4.428940179776688,1.687778017116922,0.9097291694542338,244.0,5.0,3.0,2.595744680851064,3.949327084834294,3.0382538898732494,1.1283791670955126,4.686510657907603,522,535,415,428,94,16.595744680851062
300,419.5,421.0416666666667,1.7078251276570928,1.2740737376133118,-2.2501753480586175e-11,48.0,2.0,1.0,1.0,3.1915382432114616,1.8712051592547776,0.7978845608028654,2.9316150714175193,416,423,418,424,48,6.0
301,956.5307443365696,417.14239482200645,2.9217254076173904,2.1965849009691905,-0.6705025382748406,309.0,6.0,3.0,2.663793103448276,4.3336224206596095,3.2410224072142872,1.2615662610100802,5.046265044040321,951,963,412,423,116,7.663793103448276
302,996.3720930232558,420.04651162790697,1.9757147584115458,1.1007945300648203,0.4489376950454119,43.0,2.0,1.0,0.9555555555555556,3.141274657157109,1.7841241161527712,0.7978845608028654,2.876813695875796,992,999,417,423,45,5.955555555555556
303,19.60649819494585,430.5379061371841,7.574808276194986,2.9283450632100023,-0.342240947433745,1108.0,8.0,3.0,3.086350974930362,6.457444935117649,5.670035141386943,2.1850968611841584,9.062226582657155,0,32,422,438,359,7.086350974930362
304,260.52777777777777,427.5,1.6070350737924217,1.5898986690292598,0.0,72.0,3.0,1.0,1.263157894736842,2.763953195770684,2.0342144725641096,0.7978845608028654,3.1915382432114616,257,264,423,431,57,7.2631578947368425
305,836.4015151515151,425.49242424242425,3.4447966097317186,1.1816712456344214,0.39502078843787614,132.0,4.0,2.0,2.0,3.656366395715726,2.5231325220201604,0.9772050238058398,3.949327084834294,829,842,422,429,66,13.0
306,209.79144385026737,433.09893048128345,3.9130010818816596,2.4311603597812597,-0.4865831586057878,374.0,5.0,3.0,2.5972222222222223,5.201570947860099,3.8678889139475245,1.5957691216057308,5.725898905580716,203,216,427,441,144,6.597222222222222
307,725.1527904849039,416.5876029277219,4.891392121002009,4.253789813131706,1.3405477327379653,4372.0,29.0,7.0,9.715555555555556,6.231677632421503,5.613615477764332,2.1850968611841584,9.338999347593866,715,737,401,430,450,20.715555555555557
308,868.3526170798898,423.168044077135,2.8730817786043223,2.3101136615882525,1.0864290526511424,363.0,7.0,3.0,3.1293103448275863,3.826519928662906,3.2410224072142872,1.2615662610100802,5.170882945826411,864,874,417,430,116,7.129310344827586
309,945.6329625884732,438.82103134479274,7.598428995811593,3.3407830313226032,0.13860351715347036,989.0,7.0,2.0,2.724517906336088,5.527906391541368,5.499039842323396,2.111004122822376,9.044647077096718,930,962,429,447,363,6.7245179063360885
310,383.2200557103064,421.94289693593316,4.341678309481458,2.684803910261569,-1.1939810226277194,718.0,10.0,3.0,3.3708920187793425,4.296739856991561,4.222008245644752,1.5957691216057308,6.978639737521917,376,390,412,432,213,7.370892018779343
311,751.4322916666666,431.765625,4.351871267980766,1.5467143912017767,0.786867093503108,192.0,5.0,2.0,2.0425531914893615,2.876813695875796,3.141274657157109,1.1283791670955126,4.753945931439391,744,758,425,438,94,15.042553191489361
312,72.51642615904207,398.1369358305189,17.310350528353688,8.040425858204873,1.3104227893691627,3257.0,14.0,3.0,3.933574879227053,5.698035485213008,8.387281135541944,2.763953195770684,14.339741506551949,53,90,376,434,828,6.933574879227053
313,349.1747967479675,433.0182926829268,6.783139102495367,2.818493879464876,1.4221913840730225,492.0,7.0,2.0,2.3317535545023698,4.259537945889915,3.8678889139475245,1.4927053303604616,6.863662517577698,343,356,425,450,211,6.331753554502369
314,902.4703919933278,447.54128440366975,6.3428996533695265,3.683675243762847,-0.07467110317696359,1199.0,8.0,3.0,3.3870056497175143,7.1141599576634995,5.970821321441846,2.326213245840639,9.166995688475081,891,916,437,456,354,7.387005649717514
315,260.25984251968504,444.59448818897636,2.598829770431133,2.1209379597100835,-0.9790489837490411,254.0,5.0,2.0,2.618556701030928,3.8678889139475245,2.985410660720923,1.2615662610100802,4.720348719413148,256,265,439,450,97,7.618556701030927
316,336.3140794223827,444.7797833935018,2.6205907406179527,2.1487512387180367,-1.3786621783436381,277.0,5.0,3.0,3.010869565217391,4.406461512053774,3.0901936161855166,1.2615662610100802,4.686510657907603,332,341,439,450,92,8.01086956521739
317,1013.869129287599,453.50606860158314,5.45319844734005,4.494435249354735,1.3240014384687935,1895.0,11.0,4.0,4.201773835920178,6.206085419025319,6.050259243299904,2.393653682408596,10.02925341359355,1003,1023,442,467,451,8.201773835920177
318,152.2015503875969,449.5798449612403,4.800308422891986,2.2756638415391657,-0.697964157672226,645.0,9.0,3.0,3.4308510638297873,4.1073621666150775,4.068428945128219,1.4927053303604616,6.530966601401967,143,161,440,457,188,9.430851063829786
319,417.13879832324176,451.7377736376339,6.008033865280419,4.389452657654753,-0.11557388751893725,2147.0,13.0,4.0,4.43595041322314,6.180387232371033,6.4820448144285745,2.4592453796829674,10.060941497019325,405,431,441,466,484,10.435950413223141
320,450.0574162679426,448.48325358851673,2.343120562158748,1.8561261208215611,-1.1077868152531727,209.0,6.0,3.0,2.824324324324324,3.6125759969217834,2.6462837142006137,0.9772050238058398,4.1073621666150775,446,455,444,453,74,12.824324324324325
321,177.30583035150494,464.7516312355294,15.976861502709017,9.228624054792425,0.03363946121270483,4751.0,11.0,3.0,3.9492934330839566,9.507891862878783,10.433694507453072,4.029119531035698,17.288521716057144,130,207,435,488,1203,6.949293433083957
322,754.3281700981336,463.51779873003653,5.99748541900606,4.9739594350560115,0.6247021912306815,10394.0,47.0,13.0,16.215288611544462,7.356132180109627,6.840435166640879,2.6462837142006137,11.311965976163641,740,769,450,478,641,34.21528861154446
323,925.5032258064516,452.72903225806454,2.085150903586315,1.6606456709447466,0.9676695312303423,155.0,6.0,2.0,2.6724137931034484,2.876813695875796,2.256758334191025,0.7978845608028654,3.656366395715726,922,929,448,456,58,6.672413793103448
324,556.4457375246799,535.2080307268626,78.51831221849389,60.22252559612163,0.15891500661414484,2075578.0,208.0,8.0,21.420677840158522,26.57686282166937,63.083359113713584,21.623996457731593,126.69040098180865,305,879,232,830,96896,23.420677840158522
325,844.3953488372093,457.2279069767442,2.6588775408998284,1.7669544219583695,1.0445355058999228,215.0,5.0,3.0,2.6875,3.6996385101659595,2.7057581899030048,1.1283791670955126,4.222008245644752,839,849,452,462,80,9.6875
326,306.6681034482759,470.0028735632184,5.836552085050646,2.571072873394226,0.8190644834204074,696.0,6.0,3.0,3.1780821917808217,6.432750982580687,4.583497844237541,1.8712051592547776,7.247146419131151,299,316,459,480,219,10.178082191780822
327,257.30434782608694,466.1835748792271,2.5709018321004105,2.088242033778072,1.21940764086425,207.0,5.0,2.0,2.25,3.5682482323055424,2.9316150714175193,1.1283791670955126,4.51351666838205,253,262,459,471,92,7.25
328,231.19103773584905,456.4882075471698,7.355578554005546,4.7605750640460585,0.6271340448543137,424.0,7.0,1.0,1.7890295358649788,2.9316150714175193,4.296739856991561,1.381976597885342,7.837972188868215,216,239,446,472,237,5.789029535864979
329,712.4303497332543,483.561351511559,9.748289845836027,3.42094925632943,1.153668054988504,1687.0,9.0,4.0,3.9050925925925926,7.48482063701911,6.6036697681803656,2.5231325220201604,9.965574970333758,703,725,461,499,432,15.905092592592593
330,943.0,464.03125,1.5553544382333233,1.1666816227951406,-0.48691669478974753,32.0,3.0,1.0,0.6530612244897959,1.2615662610100802,1.692568750643269,0.5641895835477563,2.6462837142006137,939,948,461,467,49,5.653061224489796
331,48.34285714285714,463.83896103896103,6.913495153516354,2.554923220463718,0.34683506015561794,770.0,8.0,3.0,3.08,5.201570947860099,4.787307364817192,1.692568750643269,7.673807981960539,36,61,455,472,250,7.08
332,336.07072691552065,479.24950884086445,12.438432962907449,3.1582453257723375,0.8786164665967405,509.0,4.0,2.0,1.674342105263158,7.024103669400641,5.4700209598571305,1.9544100476116797,8.703892974511014,320,346,464,502,304,8.674342105263158
333,379.53684210526313,471.6736842105263,1.8098715465764783,1.5871853164224865,1.5060208368363994,95.0,5.0,1.0,1.6101694915254237,1.9544100476116797,2.0342144725641096,0.5641895835477563,3.431831258788849,376,383,468,478,59,10.610169491525424
334,788.1200808722651,447.6234385154163,12.509359327649832,8.741291906946477,-0.47787692200997556,41547.0,91.0,8.0,18.19045534150613,9.541311620975605,10.418429401242426,3.949327084834294,20.002887964817102,736,829,421,487,2284,27.19045534150613
335,821.2131546894032,467.14068209500607,8.799312425495668,3.6911263932450447,-1.3280696767295044,1642.0,10.0,3.0,3.8275058275058274,7.203090409536582,6.076507779746499,2.326213245840639,9.739422266375435,812,830,454,494,429,13.827505827505828
336,92.15550978372812,470.41606591143153,6.026408077870678,3.1385847153056097,1.3372470928865237,971.0,8.0,3.0,3.3253424657534247,6.333012368467128,5.292567428401227,2.0342144725641096,8.253382073025046,83,100,458,482,292,7.325342465753424
337,26.026315789473685,482.3157894736842,3.21960830393462,1.8586983317195132,-1.1438830924824697,114.0,3.0,1.0,1.3571428571428572,2.985410660720923,2.763953195770684,0.9772050238058398,4.583497844237541,20,30,477,490,84,7.357142857142857
338,816.8253968253969,487.015873015873,3.338951441946344,1.3784158031686915,-1.5453409826521667,126.0,5.0,1.0,1.726027397260274,2.326213245840639,2.393653682408596,0.7978845608028654,4.029119531035698,814,820,478,492,73,15.726027397260275
339,145.75547445255475,479.56569343065695,2.8653071501586496,2.845407619526896,-1.486950216519911,548.0,9.0,3.0,3.6778523489932886,4.029119531035698,3.6125759969217834,1.381976597885342,5.725898905580716,140,154,473,487,149,9.677852348993289
340,305.85472972972974,503.4628378378378,24.39465618302865,16.53558473509232,-0.8734405309066706,6512.0,19.0,2.0,2.8276161528441164,5.556622981616415,12.424986712231869,3.523362819972964,22.504022505285825,248,359,454,561,2303,6.827616152844116
341,850.3912037037037,483.4074074074074,4.382577859511847,2.885854611487887,1.0437133998426398,432.0,5.0,2.0,2.526315789473684,5.077706251929807,4.370193722368317,1.692568750643269,6.6036697681803656,844,858,475,491,171,6.526315789473684
342,791.841225626741,489.44289693593316,2.8207718854707178,1.8570460197873946,-0.4342840493680002,359.0,9.0,4.0,4.544303797468355,3.385137501286538,2.763953195770684,0.9772050238058398,4.370193722368317,786,797,483,493,79,10.544303797468354
343,1003.4263565891473,480.82945736434107,4.228314253704004,1.20545821131202,-1.5393345212756413,129.0,4.0,1.0,1.4659090909090908,3.477898169151024,2.7057581899030048,0.9772050238058398,4.370193722368317,999,1007,472,489,88,6.465909090909091
344,400.9063180827887,479.79520697167754,3.5267892196908517,2.675869725263005,1.5281480281319941,459.0,8.0,2.0,2.353846153846154,4.259537945889915,3.523362819972964,1.381976597885342,5.670035141386943,395,408,473,495,195,10.353846153846154
345,65.24621594349142,499.1362260343088,9.631351137335267,3.3681709527839407,-0.535323421555413,991.0,7.0,2.0,2.3708133971291865,5.352372348458314,5.863230142835039,2.256758334191025,9.949591680222808,52,82,486,514,418,6.3708133971291865
346,380.14624505928856,495.2598814229249,12.035932971809206,2.881548261012836,1.5530751514016836,1012.0,9.0,2.0,2.842696629213483,4.51351666838205,5.352372348458314,1.9544100476116797,8.902761462589227,373,388,465,514,356,8.842696629213483
347,265.77820583379196,492.38855255916343,5.259827355837519,3.9458755387850917,-1.2495594109379435,1817.0,11.0,5.0,5.3916913946587535,7.091753098990329,5.585191925620057,2.326213245840639,8.740387444736633,252,274,481,502,337,11.391691394658753
348,674.1,490.0954545454546,5.9162080797880945,2.0432388337552405,-0.8495084969122225,220.0,5.0,1.0,1.264367816091954,2.393653682408596,3.523362819972964,1.1283791670955126,5.997417539138688,665,683,482,500,174,17.264367816091955
349,923.4428571428572,492.35,2.272002582591452,1.629446562892113,0.0781025541485924,140.0,4.0,2.0,2.1538461538461537,3.742410318509555,2.5231325220201604,0.9772050238058398,3.7846987830302403,919,929,489,496,65,6.153846153846154
350,208.2512406947891,504.66997518610424,7.24945104157044,3.7766222243759415,1.387375002470048,1612.0,9.0,5.0,4.755162241887906,7.673807981960539,6.023896332520351,2.4592453796829674,9.062226582657155,199,218,492,521,339,7.755162241887906
351,876.1233333333333,501.68333333333334,6.690742765508804,1.7921511348779693,1.3517021927553674,300.0,5.0,2.0,2.0547945205479454,3.431831258788849,3.7846987830302403,1.381976597885342,5.970821321441846,872,881,489,511,146,6.054794520547945
352,1020.0830324909747,508.85559566787003,3.68837309064904,2.1352968596247743,1.4767139516910115,277.0,4.0,2.0,2.408695652173913,5.382025607773058,3.477898169151024,1.381976597885342,5.292567428401227,1015,1023,502,518,115,6.408695652173913
353,809.7205240174673,505.72489082969435,3.219343062178135,1.7033062969904613,0.08133681728905179,229.0,6.0,3.0,2.602272727272727,3.949327084834294,2.985410660720923,1.1283791670955126,4.51351666838205,804,817,501,509,88,14.602272727272727
354,243.50950570342206,509.638783269962,2.6021526077503103,1.961206970415656,1.5572708782618545,263.0,7.0,3.0,2.89010989010989,3.0901936161855166,2.876813695875796,1.1283791670955126,4.54864184146723,238,248,504,515,91,6.8901098901098905
355,27.94674220963173,515.2104815864022,12.601982960618264,10.649015297036845,1.1461315938081502,3530.0,13.0,3.0,3.993212669683258,5.836022431559495,8.812923024107548,3.0382538898732494,14.85223051010746,8,48,474,544,884,6.993212669683258
356,896.9867256637168,508.29646017699116,3.566647308421006,2.2812795683674083,-0.059364508820296986,452.0,7.0,3.0,3.074829931972789,4.3336224206596095,3.477898169151024,1.381976597885342,5.585191925620057,889,910,503,514,147,8.07482993197279
357,401.7927272727273,511.1818181818182,2.8692549725150824,1.8252002816086774,0.1517136237156442,275.0,7.0,3.0,3.0555555555555554,3.3377905890622728,2.9316150714175193,1.1283791670955126,4.583497844237541,396,408,506,515,90,11.055555555555555
358,105.92592592592592,518.1666666666666,1.5757616759960695,0.9537485623779988,0.06689510357767166,54.0,5.0,2.0,2.0,1.692568750643269,1.381976597885342,0.5641895835477563,2.256758334191025,103,109,516,520,27,8.0
359,509.548682284041,514.0988286969254,4.832243710409211,3.609105681855719,0.4135929741416053,5464.0,36.0,13.0,14.807588075880759,6.699380116989518,5.382025607773058,2.256758334191025,8.556358677747903,498,522,505,524,369,118.80758807588076
360,757.3086876155268,525.6802218114602,6.015843545399047,3.164654450260885,1.3189545884163425,1082.0,8.0,3.0,3.570957095709571,6.93287767191607,5.382025607773058,2.1850968611841584,8.444016491289505,749,770,513,539,303,9.570957095709572
361,911.3155555555555,526.7674074074074,5.522170426755378,3.2905189120725997,-0.5918529120418512,675.0,6.0,2.0,2.5280898876404496,5.890312181373172,4.686510657907603,1.8712051592547776,7.715176518808164,899,923,515,534,267,6.52808988764045
362,711.2413178984862,533.007123775601,12.087027412374296,6.324377752770867,-0.2876202514211808,3369.0,11.0,4.0,4.1085365853658535,7.611333607551958,9.218933756735217,3.523362819972964,14.1160188704554,688,737,519,548,820,15.108536585365854
363,231.25242718446603,522.757281553398,2.3415074787859154,1.4996932790172481,-0.14835576381322813,103.0,3.0,2.0,1.609375,3.385137501286538,2.4592453796829674,0.9772050238058398,3.6996385101659595,226,237,520,526,64,6.609375
364,66.26341463414634,523.8487804878049,2.5083191338655997,1.8323602066489553,-0.16390918008387903,205.0,6.0,3.0,2.77027027027027,3.523362819972964,2.6462837142006137,0.9772050238058398,4.1841419359420025,61,71,521,528,74,6.77027027027027
365,947.9775280898876,526.0,2.512977417546558,1.634993442511525,1.0948620215132714,89.0,3.0,1.0,1.4833333333333334,2.9316150714175193,2.5231325220201604,0.7978845608028654,3.949327084834294,944,951,520,531,60,5.483333333333333
366,327.5907590759076,536.8415841584158,4.788826345055436,1.985919297148338,-0.3008982071764673,303.0,4.0,2.0,2.061224489795918,5.585191925620057,3.9088200952233594,1.5957691216057308,6.050259243299904,318,337,532,543,147,9.061224489795919
367,108.65137614678899,533.954128440367,2.4266127387778114,1.531569779713908,-0.2358719118926401,109.0,4.0,1.0,1.7868852459016393,3.0901936161855166,2.326213245840639,0.7978845608028654,3.949327084834294,104,113,530,537,61,5.786885245901639
368,807.8514851485148,530.3675742574258,7.015287093491477,4.352206143090292,0.7857589987908613,808.0,5.0,2.0,2.269662921348315,6.530966601401967,5.917270272703197,2.256758334191025,9.321941800299703,797,825,520,543,356,8.269662921348315
369,877.703947368421,536.8815789473684,3.137689731610822,1.7492316567828898,-0.08115075088516925,152.0,4.0,2.0,1.8095238095238095,3.826519928662906,2.8209479177387813,1.1283791670955126,4.54864184146723,871,883,533,541,84,5.809523809523809
370,139.9723991507431,529.9299363057324,13.100216528277544,5.488135642417811,1.5572138306416434,471.0,4.0,1.0,1.2139175257731958,6.128667601500942,5.641895835477563,2.111004122822376,9.27058084855655,126,151,506,552,388,6.213917525773196
371,188.10526315789474,539.7570850202429,3.0957500364794,1.9586021123074573,-1.5357700282235554,247.0,4.0,2.0,2.375,4.51351666838205,3.0901936161855166,1.381976597885342,4.982787485166879,184,192,533,548,104,6.375
372,375.23853211009174,552.4587155963303,5.891519453372652,1.3928790892479133,-0.2004382104163338,109.0,3.0,1.0,1.5138888888888888,3.1915382432114616,2.5854414729132054,0.9772050238058398,4.1841419359420025,366,384,547,555,72,6.513888888888889
373,239.68957617411226,556.709049255441,6.395505025584051,2.9394626406248294,0.3815451335777176,873.0,8.0,2.0,2.6944444444444446,5.527906391541368,5.201570947860099,1.8712051592547776,8.574939283076915,222,253,548,564,324,6.694444444444445
374,33.368306801736615,555.6208393632417,7.9596583050015655,3.698147352202731,0.8397730545877109,1382.0,7.0,4.0,3.6178010471204187,7.918778161951929,6.555290583552474,2.6462837142006137,9.853147481188747,20,44,546,572,382,7.617801047120419
375,284.3174603174603,555.436507936508,1.8907298566265613,1.7858823961859889,-1.3014132537558605,126.0,4.0,2.0,2.135593220338983,3.5682482323055424,2.393653682408596,0.9772050238058398,3.6125759969217834,280,287,550,559,59,9.135593220338983
376,790.2796106003245,573.3050297458085,6.709330622155034,4.858598310427227,-1.5098225271512038,1849.0,11.0,3.0,4.028322440087146,5.698035485213008,6.358093703724522,2.393653682408596,10.689866656791414,781,807,555,590,459,9.028322440087146
377,100.4590909090909,558.5272727272727,3.0963971558300316,1.926111964034481,1.5120852675227925,220.0,4.0,2.0,2.2916666666666665,4.820437914901168,3.141274657157109,1.2615662610100802,4.787307364817192,96,105,552,565,96,6.291666666666667
378,820.8484848484849,568.5833333333334,7.160624975981717,2.642617538630278,-0.4191249726225374,264.0,4.0,2.0,1.9849624060150375,5.170882945826411,3.6125759969217834,1.381976597885342,5.781222885281108,809,830,558,575,133,8.984962406015038
379,115.5,558.3225806451613,1.5530842731713204,1.2148277456551637,-1.5707963267871252,62.0,4.0,1.0,1.55,2.393653682408596,1.692568750643269,0.5641895835477563,2.8209479177387813,113,118,554,562,40,7.55
380,303.01169590643275,560.9883040935673,4.311294113173616,1.7227957037156356,1.0399977667519256,171.0,3.0,2.0,1.6285714285714286,4.222008245644752,3.385137501286538,1.2615662610100802,5.170882945826411,298,308,553,568,105,5.628571428571429
381,238.72826086956522,576.7717391304348,3.320768091141507,2.639340698487498,0.9683188252541833,552.0,9.0,3.0,3.4936708860759493,3.989422804014327,3.6996385101659595,1.4927053303604616,5.944106103225343,230,245,571,584,158,7.493670886075949
382,923.3189655172414,583.1034482758621,4.997051615436167,2.1503328015319254,-1.419206271500471,232.0,4.0,2.0,1.9173553719008265,4.918490759365935,3.477898169151024,1.2615662610100802,5.440847306724618,918,929,574,592,121,5.917355371900826
383,152.995,579.69,7.487933269257441,1.714564188098749,-0.2694225761837866,200.0,3.0,1.0,1.5037593984962405,4.259537945889915,3.6996385101659595,1.381976597885342,5.890312181373172,138,163,574,586,133,5.503759398496241
384,943.6755793226381,569.9875222816399,4.761239757583566,3.4500077326482583,0.11503634843560885,1122.0,9.0,4.0,4.2988505747126435,6.154581744998688,5.262410103554244,2.0342144725641096,7.978845608028654,935,955,562,578,261,7.2988505747126435
385,196.69480519480518,582.6753246753246,3.377351921307396,1.5787142431473422,-1.2282975007951766,154.0,4.0,2.0,1.8780487804878048,4.145929793656026,2.985410660720923,1.1283791670955126,4.54864184146723,193,201,577,590,82,5.878048780487805
386,182.40928270042195,572.2700421940929,2.8980044980217423,1.9482643480993924,1.3513127257374546,237.0,4.0,3.0,2.5760869565217392,4.61809077155419,3.0382538898732494,1.2615662610100802,4.51351666838205,178,186,567,579,92,6.576086956521739
387,764.0954356846473,581.207468879668,2.9466309084021467,2.4084195426241473,-0.10555042166203056,241.0,4.0,2.0,2.2314814814814814,4.918490759365935,3.2897623212397704,1.381976597885342,5.014626706796775,757,772,577,586,108,8.231481481481481
388,893.6086956521739,573.8136645962733,3.670646185161742,1.7076757185508575,-1.3593826929605461,161.0,5.0,1.0,1.7311827956989247,2.326213245840639,2.9316150714175193,0.9772050238058398,4.853342309955121,889,897,563,582,93,5.731182795698925
389,979.3304370721432,544.5115850447604,30.695471568367964,7.978449967396175,1.3813321583365499,3798.0,10.0,3.0,3.0023715415019763,9.218933756735217,10.357143990692485,3.9088200952233594,16.91628173326597,959,1010,504,610,1265,7.002371541501977
390,176.4047619047619,587.6904761904761,3.2497433719498448,1.8140126624095165,0.018328240814149924,126.0,4.0,2.0,1.7027027027027026,3.523362819972964,2.7057581899030048,0.9772050238058398,4.296739856991561,169,181,584,593,74,5.702702702702703
391,400.91449814126395,580.3568773234201,2.9043913348448425,1.9583266946836337,-1.2362594839441736,269.0,6.0,2.0,2.6116504854368934,3.989422804014327,2.8209479177387813,1.1283791670955126,4.583497844237541,395,406,575,586,103,13.611650485436893
392,861.6286764705883,592.9705882352941,5.3581309119395,2.1998152001847697,0.8272064382590159,272.0,5.0,2.0,2.141732283464567,3.8678889139475245,3.477898169151024,1.2615662610100802,5.499039842323396,853,869,584,599,127,9.141732283464567
393,1000.6916932907349,582.7875399361022,4.313310018939089,3.023267834683677,-1.4089928051399205,626.0,7.0,3.0,3.1144278606965172,5.170882945826411,4.296739856991561,1.692568750643269,6.6755811781245455,992,1008,576,599,201,9.114427860696518
394,416.7049180327869,592.7131147540983,2.2043492876777226,1.653409443608464,0.578168452179048,122.0,5.0,1.5,1.564102564102564,2.5854414729132054,2.393653682408596,0.7978845608028654,3.7846987830302403,412,422,588,597,78,14.564102564102564
395,80.75,593.9318181818181,2.3024648519545727,0.7946740497066089,-1.523273283038134,44.0,3.0,1.0,1.0232558139534884,2.0342144725641096,1.5957691216057308,0.5641895835477563,2.5854414729132054,79,83,589,599,43,6.023255813953488
396,711.5826771653543,596.5748031496063,3.0318277009603456,1.684902624340765,1.1056419163534899,127.0,3.0,1.0,1.4767441860465116,3.523362819972964,2.763953195770684,1.1283791670955126,4.370193722368317,707,716,590,602,86,11.476744186046512
397,224.10294117647058,596.5845588235294,4.452241813707249,1.8365813474977097,0.024065277266926675,272.0,4.0,2.0,2.108527131782946,5.232078956954491,3.523362819972964,1.381976597885342,5.585191925620057,216,234,593,601,129,6.108527131782946
398,289.744920993228,586.4446952595937,3.058992651221363,2.3189410190504827,0.15340677626951532,443.0,7.0,3.0,3.4881889763779528,4.370193722368317,3.385137501286538,1.381976597885342,5.292567428401227,282,296,581,593,127,7.488188976377953
399,50.985074626865675,587.1691542288557,2.4168660335563263,1.7436657985795119,-0.8274509449315148,201.0,5.0,3.0,3.0454545454545454,3.7846987830302403,2.6462837142006137,1.1283791670955126,3.9088200952233594,47,55,584,594,66,7.045454545454546
400,3.7913446676970635,585.2859350850077,5.724399651476838,2.79863938102787,1.2281457123119346,647.0,7.0,2.0,2.888392857142857,4.950743503369154,4.406461512053774,1.692568750643269,7.1141599576634995,0,14,569,596,224,6.888392857142857
401,858.7286606523247,610.5090215128383,10.82486445359972,8.428454956773571,-0.6733277637391738,2882.0,9.0,3.0,3.1951219512195124,8.812923024107548,8.387281135541944,3.2897623212397704,13.900147514093545,842,887,582,633,902,7.195121951219512
402,967.0901077375122,598.6336924583742,6.7987643035357275,2.901387404179237,-0.28369805773247164,1021.0,7.0,3.0,3.314935064935065,6.333012368467128,5.4115163798060095,2.111004122822376,8.500373177909337,953,980,591,607,308,8.314935064935066
403,361.24170357337863,582.9927197718862,9.570401717743636,8.690438624441375,0.35946624848648956,16483.0,36.0,8.0,10.766165904637491,10.233472165128859,9.965574970333758,3.9088200952233594,17.5715847207438,337,389,560,609,1531,19.766165904637493
404,30.076923076923077,603.5192307692307,1.6381156620499795,1.3092502623316529,1.1461052891410175,52.0,3.0,1.0,0.9285714285714286,2.111004122822376,1.7841241161527712,0.5641895835477563,2.9316150714175193,25,34,600,607,56,5.928571428571429
405,679.7823760256867,588.4744916161255,9.394493330152244,6.380971763347204,-0.5083874932729514,2803.0,12.0,4.0,4.477635782747604,8.117274569709014,7.334464586120832,2.876813695875796,11.834540545406394,665,698,570,606,626,14.477635782747603
406,941.2083333333334,600.3653846153846,2.5519862797763597,1.8792581459326012,1.4108369821466118,312.0,8.0,3.0,3.5454545454545454,3.523362819972964,2.763953195770684,1.1283791670955126,4.406461512053774,938,946,595,607,88,9.545454545454545
407,742.2847222222222,612.3680555555555,2.397819485941746,2.1194960274475747,-0.3855656211712915,288.0,7.0,3.0,2.9690721649484537,3.523362819972964,2.876813695875796,1.1283791670955126,4.54864184146723,736,747,607,617,97,9.969072164948454
408,703.8391608391609,611.7342657342657,2.103432260933014,1.5745122381436798,0.37538244569520485,143.0,6.0,2.0,2.3833333333333333,2.9316150714175193,2.326213245840639,0.7978845608028654,3.6125759969217834,700,708,608,615,60,15.383333333333333
409,909.0008163265306,630.6146938775511,7.6273403687309544,5.934688159248685,0.7615124260311112,1225.0,8.0,2.0,2.7404921700223714,6.651697090182843,6.050259243299904,2.326213245840639,9.739422266375435,897,927,609,640,447,7.740492170022371
410,275.5,603.8846153846154,2.57692307692849,0.9302605094220716,-0.0,52.0,2.0,1.0,1.1818181818181819,3.385137501286538,1.9544100476116797,0.7978845608028654,3.0901936161855166,274,277,600,610,44,6.181818181818182
411,763.0550458715596,602.7798165137615,3.0273055229511843,1.8509760371129391,1.5518929650423,218.0,5.0,3.0,2.5057471264367814,3.7846987830302403,3.0382538898732494,1.1283791670955126,4.54864184146723,759,766,597,610,87,10.505747126436782
412,929.8881118881119,605.9825174825174,3.5477697830499197,2.110202011905075,-1.4591518638156473,286.0,6.0,2.0,2.5765765765765765,3.989422804014327,3.2897623212397704,1.2615662610100802,5.170882945826411,925,934,600,615,111,7.576576576576577
413,813.7169811320755,616.8993710691824,2.395125210803218,2.0869928846049812,0.5894434582457019,159.0,5.0,1.0,1.5436893203883495,2.7057581899030048,2.6462837142006137,0.9772050238058398,4.442433223290478,809,820,610,622,103,6.543689320388349
414,291.5,611.5,1.2583057392040817,0.9574271077588713,-0.0,36.0,3.0,1.0,1.0,1.9544100476116797,1.381976597885342,0.5641895835477563,2.256758334191025,289,294,608,615,36,7.0
415,979.293023255814,620.4651162790698,4.190954608944024,1.7911231920063981,0.09145168769441861,215.0,4.0,2.0,1.7338709677419355,4.820437914901168,3.3377905890622728,1.381976597885342,5.170882945826411,971,987,615,624,124,7.733870967741935
416,725.8623188405797,621.6086956521739,2.2620025921957683,1.6662792292679245,-0.10745314021821357,138.0,4.0,2.0,2.3,3.6996385101659595,2.4592453796829674,0.9772050238058398,3.7846987830302403,721,730,618,625,60,8.3
417,589.6978319783198,619.520325203252,4.342095278055386,2.6090611330985567,-0.8044446112570591,738.0,8.0,4.0,4.169491525423729,5.836022431559495,4.1841419359420025,1.692568750643269,6.457444935117649,581,599,611,628,177,41.16949152542373
418,4.280898876404494,626.4943820224719,4.917595275798733,3.690194364278155,0.2849134426368743,89.0,3.0,1.0,0.7478991596638656,2.1850968611841584,2.9316150714175193,0.9772050238058398,4.478115991081385,0,13,616,637,119,5.7478991596638656
419,143.87729357798165,635.3436544342508,16.26528169871441,7.684138737386667,-1.352086111864165,2616.0,7.0,2.0,2.6107784431137726,8.758577656805558,9.788323438736636,3.6996385101659595,15.243563130520608,126,170,608,667,1002,6.610778443113772
420,363.9878048780488,625.1951219512196,1.9341650386446743,1.811562838036788,-0.8105067378030941,82.0,3.0,1.0,1.1388888888888888,2.6462837142006137,2.1850968611841584,0.7978845608028654,3.656366395715726,360,367,621,631,72,8.13888888888889
421,389.06,626.5933333333334,4.125364635748372,1.735623474240473,1.2582764654351744,150.0,3.0,1.0,1.4285714285714286,3.5682482323055424,3.141274657157109,1.1283791670955126,5.108953969950291,385,393,620,636,105,6.428571428571429
422,198.6953125,623.2578125,2.577772836553918,2.2535744818648142,1.1873835056653386,256.0,6.0,2.0,2.4854368932038833,3.8678889139475245,3.0901936161855166,1.1283791670955126,4.918490759365935,194,203,618,629,103,6.485436893203883
423,211.6060606060606,638.2121212121212,1.6434501874724305,1.2341516319959394,1.3654839621810824,33.0,2.0,1.0,0.7021276595744681,2.985410660720923,1.8712051592547776,0.5641895835477563,2.763953195770684,209,215,633,642,47,5.702127659574468
424,288.51141552511416,627.6073059360731,3.09116641648527,1.9354148639366364,-0.03856624385105837,219.0,4.0,2.0,1.7950819672131149,4.753945931439391,3.141274657157109,1.2615662610100802,4.853342309955121,281,295,624,633,122,6.795081967213115
425,337.215331010453,653.0491289198607,16.70936192265509,6.283739081210298,-0.980819186801979,2870.0,7.0,3.0,2.9587628865979383,9.933582672781009,9.901487006738307,3.826519928662906,15.48183917680307,313,368,620,681,970,6.958762886597938
426,766.9887892376681,633.3333333333334,6.269897545388828,4.853244179844755,-0.5372493750431372,1338.0,10.0,3.0,3.4753246753246754,5.556622981616415,5.944106103225343,2.1850968611841584,9.574614729634384,752,783,623,651,385,10.475324675324675
427,981.66,639.06,2.6156971103532376,1.2644874958047094,-0.2998627227516716,50.0,2.0,1.0,0.819672131147541,3.656366395715726,2.256758334191025,0.7978845608028654,3.385137501286538,976,986,636,642,61,6.819672131147541
428,108.38013245033113,635.5112582781456,4.9077949245047785,3.2239348609300933,1.3507331358364678,755.0,6.0,3.0,2.806691449814126,6.746726148605861,5.014626706796775,1.9544100476116797,7.918778161951929,100,115,625,646,269,6.806691449814126
429,664.8278201865988,637.7039864291772,8.380312911148854,5.233073842399974,0.4586786448324716,1179.0,9.0,2.0,2.4665271966527196,5.046265044040321,5.890312181373172,2.1850968611841584,9.72306722164286,650,680,627,651,478,11.46652719665272
430,954.4444444444445,633.9242424242424,2.723813702052324,1.898642032939263,0.9990437015409934,198.0,4.0,2.0,2.3855421686746987,4.3336224206596095,2.876813695875796,1.1283791670955126,4.442433223290478,950,960,629,639,83,6.385542168674699
431,447.15,638.86,1.9496224834895917,1.5958922808020195,-1.3491180730672423,100.0,5.0,2.0,2.127659574468085,2.111004122822376,2.1850968611841584,0.7978845608028654,3.3377905890622728,444,450,635,642,47,8.127659574468085
432,81.23,644.05,2.115174522773613,1.5718259249111748,-1.2969996165401172,100.0,4.0,2.0,1.694915254237288,3.141274657157109,2.111004122822376,0.7978845608028654,3.477898169151024,78,86,640,649,59,6.694915254237288
433,159.990099009901,639.1683168316831,3.0618274827444183,1.9623733826984127,-0.5701275975134759,303.0,7.0,3.0,2.58974358974359,3.3377905890622728,3.141274657157109,1.1283791670955126,4.886025119029199,153,166,634,645,117,9.58974358974359
434,292.8721804511278,651.2330827067669,2.120101189834229,1.7272457092297746,0.9186652464910332,133.0,5.0,1.0,1.5647058823529412,2.763953195770684,2.326213245840639,0.7978845608028654,3.742410318509555,288,298,645,656,85,6.564705882352941
435,420.3550724637681,650.143115942029,4.837880047515694,2.799616182999187,0.09115216251046876,552.0,6.0,3.0,2.6538461538461537,6.154581744998688,4.652426491681278,1.7841241161527712,7.001408606295148,410,431,644,657,208,7.653846153846154
436,963.0,647.531914893617,1.7286173091251236,1.2139314625132671,0.5013457971719527,47.0,3.0,1.0,0.9215686274509803,2.111004122822376,1.7841241161527712,0.5641895835477563,2.876813695875796,959,967,644,651,51,5.921568627450981
437,793.524158125915,646.8945827232797,3.9450055785337703,3.3215180273187173,1.0624211039713827,683.0,7.0,3.0,3.1187214611872145,5.4115163798060095,4.51351666838205,1.7841241161527712,7.046725639945928,786,804,640,657,219,11.118721461187215
438,186.16293279022403,659.8655804480652,4.040646206367213,3.022530534898032,1.0968991891591688,491.0,6.0,3.0,2.697802197802198,5.4115163798060095,4.029119531035698,1.5957691216057308,6.3078313050504,178,194,653,669,182,7.697802197802198
439,991.395061728395,659.6172839506173,3.7072837077219782,2.1292602190189673,-1.5174085101212653,81.0,2.0,1.0,0.680672268907563,4.583497844237541,2.8209479177387813,1.1283791670955126,4.259537945889915,987,997,653,671,119,5.680672268907563
440,467.9074074074074,657.9814814814815,2.182195267298443,1.6852948118069784,-0.3846230551627006,108.0,4.0,2.0,1.8305084745762712,3.2897623212397704,2.326213245840639,0.9772050238058398,3.656366395715726,464,472,653,662,59,7.830508474576271
441,839.5174825174826,655.2097902097902,4.727057912906099,2.875100054433268,0.12163426144935999,286.0,4.0,2.0,1.8101265822784811,5.556622981616415,4.1073621666150775,1.4927053303604616,6.282549314314218,833,850,648,661,158,6.810126582278481
442,59.39393939393939,668.9090909090909,1.8609176193667785,1.626732976794311,-1.4271678526064335,66.0,3.0,1.0,1.4042553191489362,2.6462837142006137,2.111004122822376,0.7978845608028654,3.2410224072142872,55,63,664,671,47,6.404255319148936
443,560.8036410923277,661.6710013003901,4.612780299230388,2.5011127478139574,0.711655589998589,769.0,9.0,4.0,4.225274725274725,5.077706251929807,4.222008245644752,1.5957691216057308,6.530966601401967,552,570,652,668,182,8.225274725274724
444,637.861935483871,663.6722580645161,8.090507580333794,2.8285042535204727,0.5187707207848677,775.0,8.0,3.0,3.4444444444444446,5.4700209598571305,4.686510657907603,1.692568750643269,7.356132180109627,623,648,651,671,225,10.444444444444445
445,657.725,672.0083333333333,2.5245075750903023,1.8689124445757017,-1.3850785368878233,240.0,7.0,3.0,2.962962962962963,3.0901936161855166,2.763953195770684,0.9772050238058398,4.222008245644752,654,662,666,677,81,12.962962962962964
446,702.3800456968773,668.6648895658797,3.5574306294626896,2.5177939565122855,0.6641842094890532,1313.0,19.0,8.0,8.00609756097561,4.652426491681278,3.8678889139475245,1.4927053303604616,6.023896332520351,694,709,662,676,164,48.00609756097561
447,115.1198738170347,663.3596214511041,2.9832197419745063,2.638751939698678,-0.1262195174282189,317.0,5.0,2.0,2.4015151515151514,4.145929793656026,3.6125759969217834,1.381976597885342,5.613615477764332,109,122,657,669,132,6.401515151515151
448,396.118320610687,659.0496183206106,3.4369809980351866,2.760630644248317,1.522039553037963,262.0,4.0,1.0,1.4010695187165776,5.170882945826411,3.6996385101659595,1.4927053303604616,5.863230142835039,385,402,653,667,187,8.401069518716577
449,423.12969283276453,665.2662116040956,4.731927227399599,2.136713473122967,0.21673855834518665,293.0,5.0,2.0,2.401639344262295,4.029119531035698,3.477898169151024,1.2615662610100802,5.382025607773058,416,435,661,671,122,8.401639344262295
450,971.53452685422,662.9283887468031,2.4909599700716627,1.9930634682637758,1.559377862662415,391.0,9.0,4.0,4.159574468085107,3.5682482323055424,2.8209479177387813,1.1283791670955126,4.54864184146723,967,976,658,668,94,9.159574468085106
451,228.43307638402243,660.9018920812895,10.607006594092349,6.360732028936617,-1.3882701060667557,1427.0,7.0,3.0,2.8597194388777556,7.399277020331919,6.723094811029982,2.6462837142006137,10.630146264057032,215,241,637,677,499,6.859719438877756
452,921.2949135963482,670.9610368438214,13.357848632616527,5.4293422708082035,-0.2397001064425029,6134.0,15.0,6.0,6.04930966469428,10.060941497019325,9.690274321412074,3.8678889139475245,15.326861909850873,889,946,655,685,1014,10.04930966469428
453,86.27777777777777,664.8095238095239,2.131644108161478,1.8130350706905127,-1.1277427964444815,126.0,4.0,1.0,1.4482758620689655,3.431831258788849,2.393653682408596,0.9772050238058398,4.029119531035698,82,91,660,670,87,6.448275862068965
454,470.3768115942029,675.9420289855072,2.7420358757644516,2.02583503326746,-1.560215895744065,138.0,3.0,2.0,1.5164835164835164,3.9088200952233594,3.0901936161855166,1.1283791670955126,4.652426491681278,467,475,671,681,91,6.516483516483516
455,1011.9560975609756,677.819512195122,3.128908025377027,2.303722772781648,0.9005131249868811,205.0,4.0,1.0,1.4855072463768115,4.370193722368317,3.3377905890622728,1.2615662610100802,5.4115163798060095,1006,1018,672,684,138,6.4855072463768115
456,5.180535966149506,676.7517630465444,6.252106454246335,3.0033403114839072,-1.514424866688791,709.0,7.0,3.0,2.5412186379928317,3.477898169151024,5.585191925620057,1.9544100476116797,8.175883811466258,0,11,664,689,279,6.541218637992832
457,369.66086235489223,669.6484245439469,7.5805036274307875,4.664320501535502,0.9649056390837489,1206.0,8.0,3.0,3.35,6.90988298942671,6.180387232371033,2.256758334191025,9.541311620975605,359,383,654,686,360,7.35
458,166.51965811965812,684.259829059829,4.121545372571157,2.033503651347704,-0.6469364368403511,585.0,8.0,4.5,4.431818181818182,5.201570947860099,3.742410318509555,1.4927053303604616,5.670035141386943,160,173,677,690,132,8.431818181818182
459,970.3142857142857,692.2109347442681,11.445195448084165,4.698947243211844,1.0343290652675745,2835.0,11.0,4.0,3.7351778656126484,7.463526651802308,8.117274569709014,3.0382538898732494,13.098436114783443,955,993,672,722,759,7.735177865612648
460,209.76623376623377,686.2727272727273,2.606220546423964,1.3095614847823747,0.6124941051159675,77.0,3.0,1.0,1.3275862068965518,2.6462837142006137,2.256758334191025,0.7978845608028654,3.656366395715726,205,214,682,690,58,6.327586206896552
461,459.5,694.421052631579,1.599861489857052,1.3523858060580123,-0.0,38.0,2.0,1.0,0.7169811320754716,3.0901936161855166,1.7841241161527712,0.5641895835477563,2.876813695875796,456,462,688,698,53,5.716981132075472
462,801.271186440678,684.6101694915254,1.9849282929405072,1.865105240315643,-0.3262341806443046,118.0,4.0,2.0,1.84375,3.431831258788849,2.393653682408596,0.7978845608028654,3.8678889139475245,797,806,681,689,64,12.84375
463,304.8780096308186,690.6179775280899,4.463360848633795,3.2247679058591086,0.9473693037472606,623.0,5.0,3.0,2.7205240174672487,6.457444935117649,4.853342309955121,1.9544100476116797,7.356132180109627,297,312,682,701,229,6.720524017467249
464,845.2978369384359,698.66306156406,3.3618861650494463,3.1346084163094465,0.06703999639181962,1202.0,15.0,5.0,6.040201005025126,4.820437914901168,4.1073621666150775,1.5957691216057308,6.651697090182843,837,852,691,706,199,15.040201005025125
465,566.2732558139535,696.5232558139535,4.027187092658356,2.219793859920176,0.13148218890745522,172.0,3.0,1.0,1.075,3.742410318509555,3.2897623212397704,1.2615662610100802,5.4700209598571305,559,576,689,703,160,7.075
466,113.09883720930233,699.2267441860465,2.177425278863361,1.6530339246448054,1.3197168077973112,172.0,6.0,2.0,2.606060606060606,3.0901936161855166,2.256758334191025,0.7978845608028654,3.7846987830302403,109,117,694,704,66,6.606060606060606
467,437.2375776397516,701.7049689440994,6.653862239615321,4.242313886386504,1.1539150072704747,644.0,6.0,2.0,2.183050847457627,5.4115163798060095,5.046265044040321,1.8712051592547776,8.444016491289505,427,451,692,719,295,7.183050847457627
468,597.2710622710623,698.3736263736264,7.5584503428618985,4.198724147294399,0.07409514221676855,1092.0,5.0,3.0,3.033333333333333,8.722159296752494,6.358093703724522,2.5854414729132054,9.607802401865856,585,611,690,707,360,9.033333333333333
469,883.6298701298701,697.8896103896104,3.021865829654318,1.744654763947208,-1.2259262234170198,154.0,4.0,2.0,1.855421686746988,4.1841419359420025,2.9316150714175193,1.1283791670955126,4.442433223290478,880,887,691,704,83,9.855421686746988
470,136.0,692.8382352941177,2.7534684619926013,1.1736855312841494,-1.3608276439191973,68.0,2.0,1.0,0.9444444444444444,3.826519928662906,2.256758334191025,0.9772050238058398,3.523362819972964,133,139,688,700,72,7.944444444444445
471,264.08243623314905,745.1944525264281,22.304426569776812,16.86743400159261,1.4518141414416954,10311.0,14.0,4.0,4.05147347740668,9.044647077096718,16.195287778099022,5.997417539138688,25.149189725460182,232,309,696,798,2545,7.05147347740668
472,272.8508483853311,680.8246442255063,10.524507108755147,6.542153744176584,-1.5260537112649417,14616.0,54.0,8.0,12.428571428571429,6.93287767191607,8.234075889688375,3.0382538898732494,15.726626515715484,255,292,654,716,1176,15.428571428571429
473,486.2345132743363,696.1592920353983,2.505455038295421,2.391139030177687,0.028136317002776197,226.0,5.0,2.0,2.329896907216495,3.5682482323055424,3.141274657157109,1.2615662610100802,4.820437914901168,481,492,690,701,97,7.329896907216495
474,351.0067567567568,694.7094594594595,3.7139377176242814,1.5898467144653503,-1.425595043113501,148.0,3.0,1.0,1.3454545454545455,3.8678889139475245,3.141274657157109,1.1283791670955126,4.918490759365935,346,354,688,704,110,6.345454545454546
475,198.28591871780193,716.1078992558672,8.867973766103134,5.114436827283078,-0.010480750780728505,3494.0,11.0,5.0,5.130690161527166,9.607802401865856,8.33015937350939,3.2897623212397704,12.653452997124806,177,215,700,727,681,9.130690161527166
476,875.3737769080235,720.3365949119374,8.614558454339447,6.969894558934351,0.823552925417373,511.0,5.0,1.0,1.3002544529262086,3.6996385101659595,5.585191925620057,1.9544100476116797,9.18434101276213,856,892,699,735,393,8.30025445292621
477,380.1521739130435,700.3478260869565,2.461691716267531,1.5080433936249225,-0.06875056467218688,92.0,3.0,1.0,1.5862068965517242,2.985410660720923,2.393653682408596,0.9772050238058398,3.826519928662906,376,385,697,703,58,5.586206896551724
478,401.3666666666667,698.674074074074,4.277806283282063,2.2974376526070226,0.691933524467182,540.0,7.0,3.0,3.103448275862069,4.54864184146723,3.826519928662906,1.4927053303604616,6.282549314314218,392,409,690,705,174,7.103448275862069
479,158.86443514644353,708.6351464435146,6.487238670814785,3.790570218470368,-0.20757238546265905,1195.0,8.0,3.0,3.5778443113772456,6.90988298942671,5.382025607773058,2.111004122822376,8.77673016883152,144,171,698,716,334,8.577844311377245
480,250.62569832402235,710.7988826815642,3.358321712682666,1.796740435267404,-1.3910420781219333,179.0,4.0,2.0,1.8453608247422681,4.3336224206596095,3.0901936161855166,1.1283791670955126,4.853342309955121,247,256,704,718,97,10.845360824742269
481,282.77510040160644,704.4056224899598,3.147648872359621,2.0578209012290665,-0.1548685854558264,249.0,6.0,2.0,2.59375,3.826519928662906,3.141274657157109,1.1283791670955126,4.853342309955121,274,289,700,709,96,11.59375
482,915.6547085201794,707.9775784753364,2.6772670830919925,2.0210663879021906,0.07632813539704693,223.0,5.0,2.0,2.2755102040816326,3.385137501286538,2.9316150714175193,1.1283791670955126,4.61809077155419,909,921,704,713,98,7.275510204081633
483,628.6490384615385,714.8125,2.307734751115395,1.8904291509388647,0.8574195503149179,208.0,6.0,2.0,2.6666666666666665,3.385137501286538,2.6462837142006137,0.9772050238058398,4.222008245644752,624,633,710,719,78,10.666666666666666
484,985.1381215469613,711.171270718232,3.7526935406131345,1.5453857079256184,-1.189386125516032,181.0,4.0,2.0,2.1294117647058823,4.3336224206596095,2.876813695875796,1.1283791670955126,4.54864184146723,981,989,705,719,85,8.129411764705882
485,516.5425287356322,712.9241379310345,2.532497834843482,2.2265728377354566,-0.1376769827992082,435.0,10.0,3.0,3.918918918918919,3.6996385101659595,2.985410660720923,1.1283791670955126,4.820437914901168,511,523,708,719,111,7.918918918918919
486,299.53821656050957,722.0605095541401,11.826397289561887,1.6652101918320128,-0.1769043462352149,314.0,4.0,2.0,1.8150289017341041,5.808687281605183,4.3336224206596095,1.5957691216057308,6.651697090182843,282,320,713,727,173,5.815028901734104
487,815.5083887306109,728.1978474200696,8.50634285883503,4.007209608311536,1.039157067884026,3159.0,13.0,5.0,5.754098360655738,8.387281135541944,7.1809610472257885,2.8209479177387813,11.213046198183495,798,827,710,745,549,13.754098360655737
488,53.03703703703704,715.8703703703703,1.6899096435742227,1.1690896263147463,-0.8613463612152573,54.0,3.0,1.0,1.35,2.326213245840639,1.7841241161527712,0.5641895835477563,2.8209479177387813,50,56,713,720,40,7.35
489,911.1923076923077,723.3333333333334,2.2813653824458675,1.2272949894203773,0.08007191195013313,78.0,4.0,2.0,1.625,2.876813695875796,2.111004122822376,0.7978845608028654,3.2897623212397704,907,916,721,726,48,9.625
490,5.071186440677966,731.1661016949153,2.9453327943020002,2.014561774503764,0.2442055806208174,295.0,7.0,2.0,2.5213675213675213,3.141274657157109,2.985410660720923,1.1283791670955126,4.918490759365935,0,13,726,735,117,7.521367521367521
491,548.0621301775147,713.8412228796844,6.541941767301462,3.520910005215898,0.6817625713296159,1014.0,9.0,2.0,2.8806818181818183,4.51351666838205,5.352372348458314,1.9544100476116797,8.991702346646203,535,561,704,729,352,6.880681818181818
492,618.026706231454,730.0890207715133,3.9049750639027176,1.9680181980708384,0.005008091887065082,337.0,5.0,2.0,2.553030303030303,4.1841419359420025,3.477898169151024,1.381976597885342,5.556622981616415,608,625,726,734,132,6.553030303030303
493,577.6546854942234,725.9910141206675,6.045478755607869,3.1639620419137744,0.5299725037243707,779.0,8.0,2.0,2.939622641509434,5.014626706796775,4.652426491681278,1.7841241161527712,7.837972188868215,569,594,714,737,265,6.939622641509434
494,346.4811594202898,732.368115942029,9.381731342669207,6.2791470346215625,1.4064131865105165,1035.0,8.0,2.0,2.524390243902439,5.4700209598571305,5.753627391751592,2.111004122822376,9.755749892701914,333,362,719,758,410,6.524390243902439
495,27.085776330076005,728.685124864278,5.017671445791218,3.166544072419389,-0.933412047785084,921.0,7.0,4.0,3.5019011406844105,6.506551687525748,5.046265044040321,2.111004122822376,7.735777827895049,18,38,718,739,263,7.501901140684411
496,69.97090203685742,733.1522793404462,11.376670515450199,5.276937689818334,-0.562001342239701,1031.0,6.0,2.0,2.2911111111111113,7.001408606295148,6.154581744998688,2.326213245840639,10.37249929043725,45,86,714,743,450,6.291111111111111
497,110.24171539961014,731.9405458089668,6.945854639496237,5.40757571701607,-0.5156815483254326,1026.0,6.0,2.0,2.25,7.356132180109627,6.555290583552474,2.6462837142006137,10.433694507453072,96,125,720,743,456,6.25
498,551.1534852546916,753.2372654155496,11.357083625381767,2.9072692470595296,1.328397079792024,1492.0,8.0,3.0,3.089026915113872,7.48482063701911,6.6755811781245455,2.5854414729132054,10.585134856802455,539,560,732,773,483,7.089026915113871
499,478.317230273752,726.7310789049919,4.415255560958015,3.0504408744008695,1.185452347335524,621.0,8.0,3.0,3.1363636363636362,4.982787485166879,4.029119531035698,1.5957691216057308,6.506551687525748,471,485,720,741,198,7.136363636363637
500,852.2256097560976,749.469512195122,4.298932060892226,2.286820716483504,-0.5069101460122107,328.0,4.0,2.0,2.2312925170068025,5.753627391751592,3.9088200952233594,1.5957691216057308,5.970821321441846,844,861,741,755,147,8.231292517006803
501,292.60550458715596,740.3119266055046,3.7854822435712534,1.5189165883952112,0.0955166250045083,109.0,3.0,1.0,1.2823529411764707,2.985410660720923,2.393653682408596,0.9772050238058398,3.826519928662906,287,304,738,746,85,12.282352941176471
502,357.82945736434107,740.1937984496124,3.0331119279461145,1.6368646361545025,-1.5437525482958636,129.0,3.0,2.0,1.6973684210526316,3.826519928662906,2.985410660720923,1.1283791670955126,4.442433223290478,355,361,734,746,76,7.697368421052632
503,499.53061224489795,755.5238095238095,5.179218614025231,1.674348304822254,-1.5023720879818712,147.0,3.0,1.0,1.3363636363636364,3.5682482323055424,3.2897623212397704,1.2615662610100802,5.292567428401227,496,503,743,765,110,9.336363636363636
504,653.1971830985915,743.5211267605633,1.9988868088583476,1.2518932411607806,0.19456146510852368,71.0,4.0,1.0,1.42,2.5231325220201604,1.8712051592547776,0.5641895835477563,3.141274657157109,648,658,741,747,50,12.42
505,411.421444527178,746.180938198064,6.621648199246093,5.113675357127032,0.8637606659613535,1343.0,7.0,2.0,2.691382765531062,6.4820448144285745,6.627726932618989,2.4592453796829674,10.674967880691588,394,422,731,758,499,6.6913827655310625
506,886.9497907949791,748.7322175732218,6.125400393246888,1.5209179533000396,0.0010442166455694628,239.0,3.0,2.0,1.614864864864865,4.982787485166879,3.523362819972964,1.4927053303604616,5.556622981616415,874,899,745,752,148,10.614864864864865
507,151.87731811697574,771.774607703281,11.030237237821181,7.575256707411066,1.355733935043261,2103.0,7.0,2.0,2.651954602774275,8.097643889049511,8.722159296752494,3.2897623212397704,13.610890997982688,136,170,747,798,793,6.651954602774275
508,454.9599211563732,734.7674113009199,6.091538274335819,4.280998149030427,1.0202463277077807,1522.0,8.0,3.0,3.3231441048034935,7.653039857325812,6.3078313050504,2.5854414729132054,10.202319970580199,444,468,721,748,458,7.323144104803493
509,960.5221238938053,743.9115044247787,2.661924199982257,1.547506598735611,0.1979695917744377,113.0,4.0,2.0,1.6865671641791045,3.3377905890622728,2.5231325220201604,0.9772050238058398,4.029119531035698,956,968,740,747,67,6.686567164179104
510,320.97058823529414,749.6838235294117,3.1549813772465374,1.3654221120093821,-1.1113753643328164,136.0,4.0,2.0,2.125,3.9088200952233594,2.5854414729132054,0.9772050238058398,3.949327084834294,317,325,744,754,64,7.125
511,732.6921933681236,719.6225816707117,26.16139813330264,21.005786289679644,0.985888255611163,386889.0,171.0,21.0,30.019320297951584,14.516237276018515,28.254578293596012,9.45754080179648,48.71998379795017,657,794,628,793,12888,38.01932029795158
512,89.7178631051753,783.050083472454,21.546925620713715,10.22551100735686,1.4565148703216697,4193.0,11.0,2.0,2.6792332268370607,5.863230142835039,11.423968370726268,3.949327084834294,18.763015059400033,64,118,745,832,1565,6.679233226837061
513,14.763358778625955,755.7022900763359,2.2063601342303563,1.7633723646498711,0.3145199547955332,131.0,4.0,2.0,1.8714285714285714,3.6996385101659595,2.4592453796829674,0.9772050238058398,3.8678889139475245,10,20,751,759,70,6.871428571428571
514,633.4779614325068,771.711432506887,9.527940721278979,2.92437071644024,-1.2458610228248186,1452.0,9.0,3.0,3.3533487297921476,5.970821321441846,6.432750982580687,2.326213245840639,10.076748170547344,625,648,753,792,433,10.353348729792147
515,985.0662983425415,746.2099447513813,3.8532266768487866,1.761866030051181,-1.0374889135590926,181.0,4.0,2.0,1.7745098039215685,4.406461512053774,3.3377905890622728,1.2615662610100802,5.108953969950291,980,990,740,755,102,6.7745098039215685
516,51.813148788927336,757.5121107266436,3.0399983752734894,2.297356764481473,-1.42983289206373,289.0,5.0,2.0,2.5575221238938055,4.222008245644752,3.477898169151024,1.381976597885342,5.262410103554244,47,57,752,764,113,6.557522123893805
517,103.14629258517034,759.498997995992,3.012602991390092,2.907476894870987,-1.5565397464215585,499.0,7.0,2.0,2.5589743589743588,4.652426491681278,3.6996385101659595,1.4927053303604616,5.781222885281108,97,115,752,767,195,10.558974358974359
518,884.5891993132511,759.1154986733261,19.338774332317165,8.16152061664135,-0.5872794349775292,6407.0,12.0,4.0,4.576428571428571,11.493415626621754,11.055812783082736,4.3336224206596095,18.10688219350047,853,924,719,782,1400,8.576428571428572
519,221.91184573002755,757.0495867768595,3.5747375124170953,2.4481402818121025,-1.4146360657427208,363.0,5.0,2.0,2.4527027027027026,4.820437914901168,3.656366395715726,1.4927053303604616,5.698035485213008,217,228,750,766,148,6.452702702702703
520,582.7577720207254,757.4656735751296,9.140988424933758,3.759663361450411,0.9460315211161968,1544.0,9.0,3.0,3.349240780911063,6.154581744998688,6.206085419025319,2.326213245840639,10.295493776366547,569,600,745,778,461,8.349240780911062
521,932.9015151515151,760.5505050505051,4.484029311992236,2.2835420812689953,-1.2350415666974945,396.0,6.0,2.0,2.4444444444444446,4.61809077155419,3.826519928662906,1.4927053303604616,6.180387232371033,927,938,752,771,162,6.444444444444445
522,209.98058252427185,773.1165048543689,3.5165129560918538,2.011807812933949,-1.4291249923039908,103.0,2.0,1.0,1.4109589041095891,4.753945931439391,2.8209479177387813,1.2615662610100802,4.370193722368317,204,213,768,781,73,5.410958904109589
523,372.09183673469386,773.390306122449,6.012259681702422,2.2690511932853386,-0.6186657028096118,392.0,5.0,2.0,2.24,4.54864184146723,4.029119531035698,1.4927053303604616,6.4820448144285745,362,384,764,780,175,8.24
524,484.1843665768194,772.4762803234502,12.853298333815589,6.526626044860202,-0.7698065426703588,3710.0,14.0,4.0,4.830729166666667,7.136496464611085,8.03846421247924,3.0382538898732494,13.540550005146152,462,506,738,788,768,7.830729166666667
525,437.3453568687644,764.1914811972372,7.786298005037808,5.488847824934002,-0.23378079447540928,2606.0,10.0,4.0,4.37248322147651,9.09728368293446,7.225151993843567,2.876813695875796,11.493415626621754,420,457,751,778,596,8.37248322147651
526,522.7875,770.425,1.790089057667729,1.5434700890163406,-0.5327442233024874,80.0,3.0,2.0,1.9047619047619047,2.985410660720923,2.0342144725641096,0.7978845608028654,3.141274657157109,520,526,766,773,42,6.904761904761905
527,683.6635514018692,770.1121495327103,2.091802761252135,1.559860721434063,-0.03834801016873261,107.0,4.0,2.0,1.9107142857142858,3.2897623212397704,2.256758334191025,0.7978845608028654,3.6125759969217834,680,688,767,774,56,12.910714285714286
528,355.9758064516129,795.8548387096774,9.503233366546,2.461579080833589,0.9301006817714617,744.0,9.0,2.0,2.5306122448979593,3.7846987830302403,4.583497844237541,1.5957691216057308,8.291859587312052,342,366,774,806,294,6.530612244897959
529,834.2429906542056,774.8878504672897,1.9604784919473222,1.5560689910598053,-0.22492939475407675,107.0,4.0,2.0,2.0980392156862746,3.2897623212397704,2.1850968611841584,0.7978845608028654,3.477898169151024,830,838,772,778,51,6.098039215686274
530,275.86423841059604,773.0331125827814,5.420201749132281,1.7984258888082967,-0.4274538629790437,302.0,6.0,2.0,2.2706766917293235,4.029119531035698,3.6125759969217834,1.2615662610100802,5.670035141386943,264,286,768,779,133,10.270676691729323
531,407.770603357024,801.108574020868,23.84591145212944,8.167972681043151,0.7939964470409898,6613.0,14.0,3.0,4.074553296364757,9.09728368293446,11.340070282773887,4.1073621666150775,20.018794836487846,357,454,761,842,1623,7.074553296364757
532,993.6877828054298,773.5678733031674,6.8298363259772294,2.5049960189032277,0.4267305241770939,442.0,6.0,2.0,1.8728813559322033,4.370193722368317,4.787307364817192,1.7841241161527712,7.715176518808164,982,1005,763,781,236,5.872881355932203
533,328.6,791.4181818181818,4.56937784528411,1.1218900778491308,-1.384618314497535,110.0,3.0,2.0,1.6417910447761195,3.6125759969217834,2.763953195770684,0.9772050238058398,4.068428945128219,325,331,784,799,67,5.641791044776119
534,387.60674157303373,790.7752808988764,4.629440057710312,2.646428409278891,-1.099313176584581,356.0,4.0,2.0,2.311688311688312,6.154581744998688,4.1073621666150775,1.5957691216057308,6.128667601500942,380,395,781,798,154,9.311688311688311
535,572.3786407766991,785.9126213592233,2.9134017812725537,1.6552120628187281,1.3595046958825177,103.0,3.0,1.0,1.5147058823529411,3.141274657157109,2.5854414729132054,0.9772050238058398,4.1073621666150775,569,577,780,793,68,5.514705882352941
536,703.9651162790698,787.1744186046511,1.9274048707097664,1.044356760446708,-0.05094171009547545,86.0,5.0,2.0,1.9111111111111112,2.326213245840639,1.7841241161527712,0.5641895835477563,2.763953195770684,700,709,785,790,45,12.911111111111111
537,779.4825581395348,781.8720930232558,2.344612687019317,1.4914754532949703,-0.34552633608291294,172.0,6.0,2.0,2.7301587301587302,3.0382538898732494,2.256758334191025,0.7978845608028654,3.656366395715726,774,784,779,786,63,15.73015873015873
538,21.083333333333332,785.171875,3.0760787751661476,1.8725550038049807,-1.1957742045055573,192.0,4.0,1.0,1.536,4.3336224206596095,2.985410660720923,1.1283791670955126,4.820437914901168,16,27,778,791,125,6.536
539,528.2917170495767,801.363361547763,13.704549793798625,9.541320978856515,0.8127962656766864,3308.0,11.0,3.0,3.1355450236966824,6.4820448144285745,9.491137855389772,3.3377905890622728,15.67594437773643,498,555,780,850,1055,7.135545023696682
540,1013.187165775401,782.8449197860963,2.4306613444838416,1.9127135115766263,-0.7426219953417506,187.0,5.0,2.0,1.8333333333333333,3.1915382432114616,2.7057581899030048,0.9772050238058398,4.370193722368317,1008,1018,777,788,102,6.833333333333333
541,536.8347826086956,793.3173913043478,3.040951289200886,1.9744605019402113,0.6284361505620615,230.0,6.0,2.0,2.149532710280374,3.477898169151024,2.985410660720923,1.1283791670955126,4.950743503369154,531,543,789,799,107,11.149532710280374
542,654.3019480519481,800.4994588744589,6.425516417236627,4.28191187625735,1.5182835071347727,1848.0,12.0,5.0,5.162011173184357,6.955796338302048,5.917270272703197,2.256758334191025,9.321941800299703,645,665,789,816,358,10.162011173184357
543,41.233333333333334,801.4222222222222,2.053607378411491,1.714313149576958,-0.11278056319048406,90.0,3.0,1.0,1.0843373493975903,2.763953195770684,2.1850968611841584,0.7978845608028654,3.6996385101659595,35,46,795,805,83,6.0843373493975905
544,897.440281030445,802.023419203747,6.099433643885377,1.9340854895965705,-1.4056951901320582,427.0,6.0,2.0,2.308108108108108,4.950743503369154,4.029119531035698,1.4927053303604616,6.383076486422923,892,902,792,817,185,7.308108108108108
545,503.76296296296294,793.8296296296296,1.9781082071694327,1.8841505908062888,1.073192771659016,135.0,5.0,2.0,2.076923076923077,2.8209479177387813,2.4592453796829674,0.7978845608028654,3.742410318509555,499,508,789,798,65,10.076923076923077
546,453.640350877193,799.6140350877193,2.7064807210211335,1.6864205058687256,-0.23973009007287793,114.0,3.0,1.0,1.1515151515151516,3.2897623212397704,2.6462837142006137,0.9772050238058398,4.259537945889915,448,469,796,804,99,6.151515151515151
547,824.8077256944445,802.8044704861111,15.654637696498916,5.749256385760962,0.024330738541022655,4608.0,12.0,4.0,4.3065420560747665,9.91754782346883,9.673836185197393,3.742410318509555,16.017420774398584,797,870,784,819,1070,9.306542056074766
548,960.1602209944751,805.7403314917127,3.076900762590196,1.9461884528835773,-1.5430885116294681,181.0,4.0,2.0,1.7075471698113207,4.406461512053774,3.141274657157109,1.1283791670955126,4.853342309955121,956,965,799,812,106,6.7075471698113205
549,485.625,815.8333333333334,9.232087961783092,3.485535627690557,-1.4698252262791711,840.0,6.0,2.0,2.5149700598802394,6.817128675830715,5.670035141386943,2.111004122822376,8.884866446580956,476,495,799,834,334,6.514970059880239
550,277.5487528344671,811.718820861678,4.3570626545684155,2.7306913632070136,-1.2108099734769786,441.0,5.0,2.0,2.296875,4.982787485166879,4.3336224206596095,1.5957691216057308,6.770275002573076,271,285,803,824,192,6.296875
551,86.29705215419501,809.2380952380952,3.789304760504051,2.756086600621404,0.2088096235490029,441.0,6.0,2.0,2.3089005235602094,5.046265044040321,3.8678889139475245,1.4927053303604616,6.154581744998688,76,95,802,815,191,9.30890052356021
552,310.2056384742952,802.6152570480929,7.726042167818677,2.3454301688647563,1.0984837952857929,603.0,6.0,2.0,2.4412955465587043,5.641895835477563,4.886025119029199,1.7841241161527712,7.632215220473915,301,321,787,815,247,6.441295546558704
553,785.8907103825137,818.0874316939891,5.66230549710603,2.1413487811436482,1.1348201446043151,183.0,3.0,2.0,1.6636363636363636,4.442433223290478,3.477898169151024,1.381976597885342,5.292567428401227,777,792,809,826,110,8.663636363636364
554,583.0016313213703,815.7487765089722,7.967181940752122,3.9917388713117843,-0.3161880193082271,613.0,8.0,2.0,2.166077738515901,3.5682482323055424,4.720348719413148,1.5957691216057308,8.136857890256438,568,598,809,831,283,6.166077738515901
555,52.70909090909091,815.8872727272727,5.011503002769439,1.8166533485390342,0.21455182996423533,275.0,7.0,2.0,2.433628318584071,2.5854414729132054,3.2410224072142872,1.1283791670955126,5.170882945826411,45,62,811,820,113,7.433628318584071
556,976.9348079161816,796.6298020954598,9.162822780609906,3.6749929407304807,0.9834003095407413,859.0,6.0,2.0,2.35989010989011,7.203090409536582,5.944106103225343,2.256758334191025,9.23618154310838,966,993,782,822,364,6.3598901098901095
557,622.0327868852459,824.6440281030445,3.7268880706122847,2.8410398293608963,-1.550658425189469,427.0,8.0,2.0,2.7197452229299364,3.949327084834294,3.742410318509555,1.381976597885342,5.917270272703197,616,629,815,832,157,6.719745222929936
558,938.3093333333334,816.7733333333333,6.488120440545922,1.9785251055769852,1.226398592137664,375.0,7.0,2.0,2.314814814814815,3.0901936161855166,3.6125759969217834,1.2615662610100802,6.180387232371033,933,945,800,826,162,6.314814814814815
559,37.353960396039604,827.5841584158416,3.173690062700585,2.414533961327371,-0.4474377693689007,404.0,6.0,3.0,3.15625,5.046265044040321,3.5682482323055424,1.381976597885342,5.4700209598571305,32,44,822,834,128,7.15625
560,507.5369774919614,825.9356913183279,5.2627042663533485,3.1087290796269684,0.6828958910142753,622.0,6.0,3.0,2.8930232558139535,5.970821321441846,4.652426491681278,1.8712051592547776,7.334464586120832,497,517,818,839,215,6.8930232558139535
561,364.70590566785575,842.032633108733,13.785630040381482,7.616244178192673,0.5203328434583062,7569.0,23.0,3.0,5.565441176470588,8.175883811466258,8.902761462589227,3.385137501286538,16.982012745328934,338,413,818,874,1360,9.56544117647059
562,18.356862745098038,826.2078431372549,3.0396506537091668,1.8283641024954322,-1.5335759604131216,255.0,6.0,2.0,2.55,3.7846987830302403,2.876813695875796,1.1283791670955126,4.753945931439391,15,23,820,833,100,6.55
563,214.25911161731207,829.8633257403189,9.974643717454855,6.931477424636023,0.8905521765797948,1756.0,7.0,2.0,2.5672514619883042,7.817640190446719,7.632215220473915,3.0382538898732494,12.424986712231869,195,236,811,855,684,6.567251461988304
564,840.4397321428571,836.6975446428571,15.351753760838243,4.8582331086101505,-1.090868189039071,2688.0,13.0,3.0,3.9013062409288826,6.076507779746499,7.225151993843567,2.5854414729132054,12.514330345744634,822,863,816,868,689,8.901306240928882
565,331.12026726057906,829.1603563474388,2.610382976343115,2.5151785693113107,0.010684263291419518,449.0,7.0,4.0,3.8376068376068377,4.406461512053774,3.3377905890622728,1.381976597885342,5.170882945826411,325,337,824,835,117,9.837606837606838
566,137.986301369863,823.582191780822,5.4194048415650595,2.834011422333361,1.0564848962527758,1022.0,8.0,4.0,3.785185185185185,6.723094811029982,5.046265044040321,2.111004122822376,7.735777827895049,129,146,812,835,270,7.785185185185185
567,447.01142857142855,836.0057142857142,3.411905321946677,1.7234173552071579,0.6052441520941448,175.0,6.0,2.0,1.9230769230769231,2.876813695875796,2.763953195770684,0.9772050238058398,4.686510657907603,440,452,830,841,91,7.923076923076923
568,881.43901453958,878.9305331179321,20.008546348926895,3.0157925498927227,1.5173498638612017,2476.0,9.0,4.0,4.161344537815126,8.685588237163813,8.018640596081465,3.0382538898732494,12.192240025845548,874,890,837,909,595,8.161344537815125
569,161.7,847.0192307692307,4.970211398561022,2.608214461520999,-1.3547486840729066,260.0,5.0,1.0,1.244019138755981,2.985410660720923,3.6996385101659595,1.381976597885342,6.050259243299904,151,169,831,855,209,6.244019138755981
570,461.42105263157896,847.1921052631579,4.434639801590666,1.8053403456450348,-1.1231422365031782,380.0,6.0,2.0,2.900763358778626,4.478115991081385,3.385137501286538,1.381976597885342,5.4700209598571305,456,469,838,854,131,7.900763358778626
571,637.4046799724707,849.9456297315899,10.891879932298345,2.9660772504180475,-0.6824505032836693,1453.0,7.0,3.0,3.5012048192771084,7.978845608028654,6.886811529393324,2.7057581899030048,10.31094088749354,623,656,836,870,415,6.501204819277109
572,676.5825242718447,836.5728155339806,3.786975526308443,1.4248505715532434,0.24076120868329942,103.0,3.0,1.0,1.10752688172043,2.985410660720923,2.5854414729132054,0.9772050238058398,4.222008245644752,667,683,833,841,93,6.10752688172043
573,717.8024665107379,819.6368275568786,16.421485340254407,8.592950243425609,0.26644936225488575,4703.0,10.0,4.0,3.6770914777169663,11.410028196686037,10.969099187147178,4.1841419359420025,17.233198304710495,683,750,800,852,1279,8.677091477716967
574,124.1303317535545,846.2796208530806,5.47126826341447,2.6143791446923803,0.3510292064151989,422.0,5.0,2.0,2.232804232804233,4.652426491681278,4.145929793656026,1.7841241161527712,6.723094811029982,113,133,839,854,189,6.232804232804233
575,535.5017361111111,835.3767361111111,7.420548148275508,2.5365640278914316,-1.175187835931173,576.0,5.0,2.0,2.3801652892561984,5.527906391541368,4.982787485166879,1.9544100476116797,7.673807981960539,528,546,820,847,242,8.380165289256198
576,404.97583081570997,843.7160120845922,2.5295358655870213,2.2496667570085007,1.4153245648352288,331.0,7.0,2.0,2.7131147540983607,3.656366395715726,2.985410660720923,1.1283791670955126,4.853342309955121,399,410,838,851,122,10.71311475409836
577,585.7667667667668,856.9209209209209,7.582003932320122,2.705074859099617,-0.9660634729123942,999.0,8.0,3.0,3.421232876712329,6.102643417692329,4.982787485166879,1.9544100476116797,8.291859587312052,577,598,842,868,292,9.42123287671233
578,99.0521327014218,848.3127962085308,2.119427421341051,1.9641041433503879,1.0050895039453904,211.0,6.0,2.0,2.9305555555555554,3.3377905890622728,2.5231325220201604,0.9772050238058398,4.145929793656026,94,103,844,852,72,7.930555555555555
579,67.81967213114754,849.7786885245902,2.3477559260145955,1.3446875275406054,-0.03071209370020216,122.0,4.0,2.0,1.876923076923077,3.431831258788849,2.256758334191025,0.9772050238058398,3.477898169151024,63,74,847,853,65,8.876923076923077
580,942.705434406369,854.6922810661129,7.210912773692256,3.8232708987138166,-0.4680051483608835,2889.0,14.0,5.0,5.588007736943907,7.898654169668588,6.555290583552474,2.5854414729132054,10.418429401242426,929,959,842,868,517,9.588007736943908
581,343.1212121212121,856.7424242424242,3.132293930695613,1.9583078945258412,-0.9867621401317425,132.0,4.0,1.0,1.5348837209302326,3.431831258788849,2.9316150714175193,0.9772050238058398,4.753945931439391,339,348,852,863,86,5.534883720930233
582,254.1043165467626,857.726618705036,7.088197180001949,1.8906927727051512,-1.322715944556878,278.0,3.0,2.0,2.0441176470588234,5.613615477764332,3.8678889139475245,1.692568750643269,5.836022431559495,248,259,845,868,136,6.044117647058823
583,696.2580943570767,861.7900092506939,5.968527332317632,4.282952077640587,1.4203741103063854,1081.0,7.0,3.0,2.8151041666666665,6.432750982580687,6.023896332520351,2.326213245840639,9.474354220939228,685,708,852,874,384,6.815104166666667
584,439.551832460733,865.0816753926701,8.421268916553979,4.1969002654009016,0.6338237110520362,955.0,7.0,3.0,2.8678678678678677,5.781222885281108,5.4115163798060095,2.0342144725641096,8.593479713983122,425,455,852,877,333,7.867867867867868
585,55.163273001508294,867.6613876319759,22.37025040508624,7.306346010057179,-0.3514216824571654,2652.0,8.0,2.0,2.3657448706512043,8.77673016883152,9.901487006738307,3.742410318509555,16.244349652921244,23,100,845,884,1121,6.365744870651204
586,780.1240875912408,874.3839416058394,7.9278582986026125,2.838109766916003,-1.0468579440906791,685.0,6.0,2.0,2.5849056603773586,6.457444935117649,5.262410103554244,2.0342144725641096,8.018640596081465,771,794,863,887,265,8.584905660377359
587,844.4638292813411,902.2712952505499,23.285231914253128,6.5526318155704155,0.39987022211930234,16823.0,52.0,5.0,8.798640167364017,7.247146419131151,9.607802401865856,3.385137501286538,20.098140350968553,769,871,862,925,1912,11.798640167364017
588,139.75694855115316,870.6209343583678,9.832016044247867,3.220703326808031,0.22464876773247702,1691.0,8.0,4.0,3.8431818181818183,8.722159296752494,6.840435166640879,2.7057581899030048,10.49453289192004,120,159,862,879,440,7.843181818181818
589,349.88120567375887,878.4769503546099,4.074329433654554,2.440515985138942,-1.225493511244392,564.0,7.0,3.0,3.1864406779661016,4.61809077155419,3.989422804014327,1.5957691216057308,6.432750982580687,344,356,867,887,177,7.186440677966102
590,394.21505376344084,870.6774193548387,1.7802348369635643,1.6240217913782948,0.7105446667310342,93.0,5.0,2.0,1.86,2.111004122822376,2.0342144725641096,0.7978845608028654,3.3377905890622728,391,398,867,874,50,6.86
591,1001.4133219470538,859.2463706233988,10.461295783501312,5.608920358350901,1.3052649400920875,2342.0,11.0,5.0,5.091304347826087,7.136496464611085,7.069275219628611,2.8209479177387813,10.881694613449236,988,1016,841,882,460,8.091304347826087
592,744.9377133105802,877.2150170648464,9.311421989827421,2.88677779399373,-0.91826692303882,1172.0,12.0,3.0,3.540785498489426,3.742410318509555,5.382025607773058,1.8712051592547776,8.703892974511014,733,758,865,894,331,7.540785498489426
593,468.9607250755287,876.2054380664653,4.052510184734798,2.23847163785706,0.5214931787518872,331.0,6.0,2.0,1.7891891891891891,4.51351666838205,3.7846987830302403,1.4927053303604616,5.753627391751592,461,477,870,886,185,7.789189189189189
594,219.24489795918367,870.3775510204082,2.962647026252606,1.297485306485333,0.008543040318649279,98.0,3.0,1.0,1.5806451612903225,2.8209479177387813,2.256758334191025,0.9772050238058398,3.8678889139475245,212,225,868,873,62,6.580645161290323
595,641.242718446602,871.4660194174758,1.8092299370643017,1.5309489137262662,-0.5738972194844341,103.0,5.0,1.0,1.6885245901639345,2.256758334191025,2.111004122822376,0.7978845608028654,3.431831258788849,637,646,868,875,61,6.688524590163935
596,286.47390396659705,862.544885177453,4.204371198798217,2.287778028952363,1.1951098842765315,479.0,8.0,3.0,2.9751552795031055,4.145929793656026,3.742410318509555,1.381976597885342,6.076507779746499,281,293,853,874,161,7.975155279503106
597,309.0485573539761,887.1206896551724,7.4471963966528945,5.707924292243402,-0.4179794697281256,2842.0,11.0,5.0,5.102333931777379,8.77673016883152,7.377736139048903,3.0382538898732494,11.521077316754745,291,320,873,899,557,8.102333931777379
598,93.58600583090379,885.932944606414,3.3030166375976546,1.9666078062429866,0.5307428425484688,343.0,6.0,3.0,3.0353982300884956,4.686510657907603,3.3377905890622728,1.381976597885342,5.014626706796775,87,100,881,891,113,7.035398230088496
599,954.1370967741935,884.1290322580645,2.4841309815475214,1.6834402270556046,-1.4206613139922037,124.0,3.0,2.0,1.9682539682539681,3.656366395715726,2.5231325220201604,1.1283791670955126,3.949327084834294,950,957,880,889,63,5.968253968253968
600,244.09017341040462,883.7942196531792,6.591428503636147,2.8659337301105614,0.5724414531986689,865.0,9.0,3.0,3.4738955823293174,4.820437914901168,4.787307364817192,1.8712051592547776,7.506054213402069,233,256,872,892,249,7.473895582329317
601,899.5,881.4426229508197,3.227536542129712,1.5196130890032042,0.30706864348389085,122.0,5.0,1.0,1.6266666666666667,2.0342144725641096,2.5231325220201604,0.7978845608028654,4.1841419359420025,894,905,878,886,75,6.626666666666667
602,984.1456661316212,890.2684590690209,8.994774128760382,5.2218006594898325,0.6262912251830917,2492.0,11.0,3.0,3.7872340425531914,7.632215220473915,7.001408606295148,2.763953195770684,11.767106717028996,967,1006,864,904,658,7.787234042553192
603,604.0511073253833,892.1856899488927,4.223996215585717,2.573580894625423,0.7921020070142686,587.0,7.0,3.0,3.172972972972973,4.950743503369154,4.029119531035698,1.5957691216057308,6.407961869245868,593,611,885,901,185,7.172972972972973
604,539.9876948318293,885.4146841673503,18.216045795631146,9.366296773884446,0.10919833973273611,2438.0,7.0,2.0,2.5502092050209204,8.018640596081465,9.574614729634384,3.523362819972964,15.117754405994354,512,579,862,903,956,7.550209205020921
605,547.2809917355372,891.9504132231405,2.0865463912013684,1.7518679131040495,0.33027910145961104,121.0,4.0,2.0,1.9516129032258065,3.6125759969217834,2.393653682408596,0.9772050238058398,3.6996385101659595,544,552,888,896,62,9.951612903225806
606,386.47222222222223,891.5,1.6070350737924217,1.589898669020107,0.0,72.0,3.0,2.0,1.565217391304348,2.763953195770684,2.0342144725641096,0.7978845608028654,3.1915382432114616,384,390,888,895,46,6.565217391304348
607,641.6837606837607,892.482905982906,5.478881052614824,1.8475968669227174,-0.20965121744580872,234.0,4.0,2.0,1.9338842975206612,5.077706251929807,3.6125759969217834,1.2615662610100802,5.499039842323396,632,650,889,898,121,5.933884297520661
608,412.5310734463277,890.1412429378531,2.8140084983305678,2.014001925656508,1.1459823952883719,177.0,4.0,2.0,1.8829787234042554,4.145929793656026,2.985410660720923,1.1283791670955126,4.853342309955121,408,417,885,896,94,5.882978723404255
609,675.2410256410257,895.9128205128205,5.081506220103259,1.424973554250735,-0.24066661627005184,195.0,3.0,2.0,1.7889908256880733,4.652426491681278,3.523362819972964,1.381976597885342,5.292567428401227,665,686,892,900,109,7.7889908256880735
610,437.5114006514658,892.6905537459284,5.851909807963699,1.8130402100663168,0.30452646399227185,307.0,6.0,2.0,2.3435114503816794,3.656366395715726,3.0901936161855166,1.2615662610100802,5.201570947860099,431,451,887,899,131,8.34351145038168
611,497.00996677740864,893.4036544850499,7.654240061585441,3.807939516903245,0.9945908991585355,602.0,5.0,2.0,2.181159420289855,5.440847306724618,5.292567428401227,2.111004122822376,8.214724333230155,485,510,878,904,276,7.181159420289855
612,760.6256926952141,911.8307304785894,10.379191874074472,7.387056607158936,-1.3034462669729432,1985.0,9.0,4.0,3.662361623616236,6.955796338302048,7.569397566060481,2.876813695875796,11.71288013023329,746,778,897,934,542,7.662361623616236
613,201.11764705882354,902.5210084033613,2.699923447689298,1.3676625830768248,0.04146023445860926,119.0,4.0,2.0,1.9508196721311475,3.477898169151024,2.393653682408596,0.7978845608028654,3.8678889139475245,195,207,900,906,61,7.950819672131147
614,339.2,896.49,2.1012987277324457,1.7647786424309524,0.3529542058831411,100.0,3.0,2.0,1.8867924528301887,3.1915382432114616,2.256758334191025,0.9772050238058398,3.6125759969217834,336,343,892,900,53,5.886792452830188
615,42.21208384710234,911.193588162762,5.072745173208579,2.3358233044868837,-0.7101676102037499,811.0,9.0,4.0,4.634285714285714,4.918490759365935,4.068428945128219,1.692568750643269,6.4820448144285745,32,49,903,922,175,9.634285714285713
616,957.5643274853801,910.2573099415205,5.5759161944285225,1.9439317480096743,-0.7406561393505515,342.0,6.0,2.0,2.1923076923076925,4.1841419359420025,3.826519928662906,1.381976597885342,6.180387232371033,950,967,900,919,156,7.1923076923076925
617,800.992700729927,910.2189781021898,2.514284030218478,1.5669041594594204,-0.04495566977252894,137.0,6.0,1.0,1.5054945054945055,2.5231325220201604,2.393653682408596,0.7978845608028654,4.145929793656026,795,808,906,914,91,6.5054945054945055
618,11.916938110749186,907.5211726384365,3.953691240855072,2.5421977784765444,0.03548095526593427,614.0,8.0,3.0,3.248677248677249,4.442433223290478,3.9088200952233594,1.5957691216057308,6.4820448144285745,3,23,902,913,189,8.248677248677248
619,269.0610932475884,923.7807073954984,12.429919355147081,4.415073229015393,-0.039825577938329096,1555.0,12.0,2.0,2.8170289855072466,4.720348719413148,5.863230142835039,2.0342144725641096,11.127557940783529,251,292,909,937,552,6.817028985507246
620,98.23605150214593,907.5622317596567,2.2073318010081477,2.053068173419803,-0.27425211499038393,233.0,6.0,3.0,3.0259740259740258,3.742410318509555,2.7057581899030048,0.9772050238058398,4.259537945889915,94,103,904,912,77,7.025974025974026
621,113.06738715829626,925.4787031150668,10.640155145891933,6.143676006286588,-0.1401661976893751,3146.0,12.0,3.0,3.8839506172839506,8.097643889049511,7.998767850296815,3.0382538898732494,13.243441670776848,86,133,903,941,810,7.883950617283951
622,172.3466216216216,899.864054054054,9.965611434099264,7.476954780367665,0.03326527520958103,7400.0,26.0,4.0,5.657492354740061,5.698035485213008,9.52461639974967,3.1915382432114616,16.312788383647018,145,207,873,919,1308,9.65749235474006
623,566.1640926640927,917.418918918919,4.621217510658464,2.6504604956727458,0.35340533630582244,518.0,6.0,2.0,2.4549763033175354,5.585191925620057,4.370193722368317,1.7841241161527712,6.793742230659745,557,575,910,925,211,9.454976303317535
624,270.2364217252396,909.738019169329,4.115446647641758,2.079699779371871,0.1284217330306684,313.0,5.0,2.0,2.0324675324675323,4.3336224206596095,3.656366395715726,1.4927053303604616,5.556622981616415,262,279,904,915,154,8.032467532467532
625,634.8326530612245,911.1795918367347,2.4631859864019763,2.2675635218664962,0.44689187367088185,245.0,5.0,2.0,1.8702290076335877,3.826519928662906,3.0382538898732494,1.1283791670955126,4.753945931439391,629,641,905,917,131,6.870229007633588
626,972.3529411764706,915.1176470588235,2.111143344512379,1.6681776688737082,1.560461118582336,119.0,3.0,2.0,2.2452830188679247,3.742410318509555,2.4592453796829674,0.9772050238058398,3.6125759969217834,969,976,912,919,53,7.245283018867925
627,361.0145719489982,899.0819672131148,6.725069960039348,3.9830721462750076,-1.4220409616625438,549.0,5.0,2.0,1.805921052631579,5.201570947860099,5.262410103554244,2.0342144725641096,8.311031542587394,351,371,881,915,304,6.805921052631579
628,730.9672131147541,921.6229508196722,4.317296976124172,1.947171345134905,0.6377349630579766,183.0,4.0,1.0,1.6788990825688073,3.742410318509555,2.9316150714175193,1.1283791670955126,5.170882945826411,723,738,913,926,109,5.678899082568807
629,808.4483837330553,938.0333680917622,7.985019142151618,3.267334181396043,-1.4637237003863897,959.0,7.0,3.0,2.6862745098039214,5.4700209598571305,5.698035485213008,2.1850968611841584,8.95623198216277,800,817,918,951,357,6.686274509803922
630,163.47513812154696,920.3149171270718,2.0239535237595745,1.8990280175900032,1.5038908380740834,181.0,7.0,3.0,2.828125,2.5231325220201604,2.5231325220201604,0.7978845608028654,3.949327084834294,159,167,916,924,64,7.828125
631,935.25,915.4782608695652,2.1785935493465547,1.828368526816061,-1.089195493044752,92.0,3.0,1.0,1.4153846153846155,3.1915382432114616,2.4592453796829674,0.9772050238058398,3.742410318509555,931,940,910,920,65,6.415384615384616
632,146.37641509433962,926.6264150943397,4.772543368012788,3.3116532870410547,0.40889502388009746,1060.0,10.0,4.0,4.52991452991453,5.753627391751592,4.820437914901168,1.8712051592547776,7.569397566060481,137,158,919,934,234,7.52991452991453
633,64.85313531353135,916.7601760176018,10.38562623418192,6.722272374087975,-1.4849157911699762,1818.0,11.0,4.0,4.359712230215828,5.863230142835039,6.3078313050504,2.393653682408596,10.171072362820547,47,77,894,930,417,8.359712230215827
634,26.82017543859649,932.1578947368421,6.380219929111434,2.410412296464524,0.49352252507945954,228.0,5.0,1.0,1.509933774834437,2.6462837142006137,3.656366395715726,1.2615662610100802,6.102643417692329,16,35,925,942,151,7.509933774834437
635,1007.2930123311803,925.7131532589548,16.141578423380697,6.643181960618961,1.2953950082648915,3406.0,10.0,3.0,3.3689416419386746,9.40692023773423,9.18434101276213,3.523362819972964,15.086138293858053,984,1023,903,966,1011,7.368941641938674
636,702.3229308005427,914.9606512890095,6.658121355607789,2.9314566579068884,-0.9369732249783359,737.0,7.0,2.0,2.622775800711744,4.918490759365935,5.077706251929807,1.8712051592547776,7.978845608028654,689,712,904,926,281,7.622775800711744
637,591.9668508287293,928.6519337016574,7.537053339178877,1.4118179345751853,1.5606244418541957,181.0,4.0,1.0,1.4715447154471544,4.145929793656026,2.985410660720923,1.1283791670955126,4.853342309955121,588,596,919,945,123,6.471544715447155
638,354.9501814582646,950.0877598152425,11.009862231875427,4.694676612717313,1.521759098525705,3031.0,13.0,4.0,4.985197368421052,7.611333607551958,7.48482063701911,2.8209479177387813,12.008096370418468,337,364,930,974,608,7.985197368421052
639,1020.953488372093,933.4069767441861,1.749579241268176,1.281901751275774,-0.8550991378040734,86.0,4.0,2.5,2.388888888888889,2.8209479177387813,1.8712051592547776,0.7978845608028654,2.876813695875796,1018,1023,930,937,36,11.38888888888889
640,491.7972222222222,943.375,3.147213988991676,2.2588025963341107,-0.3573813252235639,360.0,6.0,3.0,3.0252100840336134,4.753945931439391,3.385137501286538,1.381976597885342,5.201570947860099,485,498,938,949,119,7.025210084033613
641,607.0088183421517,939.5008818342152,4.868141996689894,3.5215342029583563,-1.4726764112477584,567.0,6.0,2.0,2.3526970954356847,5.232078956954491,4.61809077155419,1.7841241161527712,7.569397566060481,601,620,931,953,241,6.352697095435684
642,665.5021795989538,934.0845684394071,3.9420495379034928,3.248424329050633,0.7827806464056702,1147.0,11.0,4.0,4.662601626016261,5.499039842323396,4.54864184146723,1.7841241161527712,7.1809610472257885,657,673,924,942,246,8.66260162601626
643,183.37844036697248,939.7889908256881,2.9205138231231302,2.1558144458532613,-0.1248894648435897,436.0,7.0,4.0,4.074766355140187,4.720348719413148,3.2897623212397704,1.381976597885342,4.886025119029199,178,190,936,945,107,8.074766355140186
644,317.5078717201166,957.2186588921282,7.036229561360803,4.966155061494648,-1.5433374323971485,1715.0,10.0,3.0,3.7282608695652173,6.793742230659745,6.128667601500942,2.393653682408596,10.155412503859614,304,327,936,968,460,7.728260869565218
645,160.64846416382252,949.6860068259385,2.711148064747404,2.176714776553694,-1.3328242695337864,293.0,6.0,2.0,2.344,4.145929793656026,3.0901936161855166,1.1283791670955126,4.886025119029199,155,166,944,958,125,8.344
646,687.8326612903226,948.3548387096774,6.195782322351287,2.4223217899102707,1.0127576872681905,496.0,6.0,2.0,2.3846153846153846,5.527906391541368,4.652426491681278,1.692568750643269,7.024103669400641,680,696,936,961,208,7.384615384615385
647,406.8098048116205,927.1384475714934,9.520190362186675,8.979558307113992,0.8572973911562991,2203.0,7.0,3.0,3.183526011560694,8.593479713983122,8.63044108762739,3.3377905890622728,13.505242122350568,389,425,904,947,692,6.183526011560693
648,917.772301933874,942.0642545227698,11.332228145668287,6.436889852634669,1.055415885721298,1603.0,6.0,2.0,2.5730337078651684,9.13220620552083,7.420755373261929,2.9316150714175193,12.074184356393443,896,937,920,961,623,6.573033707865169
649,839.8791946308725,957.1442953020135,3.820298703921853,2.218917307288849,-0.5492991673708033,596.0,8.0,4.0,4.0,5.046265044040321,3.6996385101659595,1.4927053303604616,5.863230142835039,832,847,951,963,149,12.0
650,76.47887323943662,955.4920774647887,5.230346739309926,3.8180915435523,0.8783241612501045,1136.0,11.0,4.0,4.4375,4.652426491681278,4.982787485166879,1.7841241161527712,7.858251581595959,67,86,945,968,256,7.4375
651,642.765,948.5425,10.179504764139972,2.1013451660278823,-0.9090165431892754,400.0,5.0,2.0,1.8691588785046729,4.1841419359420025,4.54864184146723,1.692568750643269,7.399277020331919,630,653,935,963,214,5.869158878504673
652,284.8032786885246,952.5737704918033,1.8185809568006508,1.3956368694660084,-0.7205724636620097,61.0,3.0,1.0,1.3555555555555556,2.4592453796829674,1.9544100476116797,0.7978845608028654,3.0382538898732494,281,288,949,956,45,6.355555555555555
653,5.7372093023255815,961.6511627906976,5.015658218507346,1.9093060366579673,0.5984993434150547,430.0,8.0,3.0,3.049645390070922,4.145929793656026,3.6125759969217834,1.381976597885342,5.613615477764332,0,15,954,969,141,9.049645390070921
654,452.2577205882353,962.5411764705882,22.837040405362565,9.27894911027766,0.9859970041769577,2720.0,8.0,2.0,2.4242424242424243,8.51907589177983,10.076748170547344,3.656366395715726,16.106599803800595,426,481,933,1006,1122,6.424242424242424
655,127.48344370860927,960.9602649006622,5.361652525507293,1.7877901010238433,-1.2210224407825534,151.0,3.0,2.0,1.495049504950495,4.029119531035698,3.2410224072142872,1.2615662610100802,4.886025119029199,121,132,952,968,101,5.4950495049504955
656,530.4975247524752,949.9232673267327,4.115016629647711,2.569114257501059,-0.869835030515932,404.0,7.0,2.0,2.5569620253164556,3.2410224072142872,3.949327084834294,1.381976597885342,6.231677632421503,523,538,942,958,158,9.556962025316455
657,450.79347826086956,961.4021739130435,2.6428478328830285,1.416549477118476,1.0322643633915562,92.0,3.0,1.0,1.3333333333333333,2.9316150714175193,2.393653682408596,0.9772050238058398,3.826519928662906,448,455,957,967,69,9.333333333333334
658,862.0092592592592,958.4722222222222,2.221780845908276,1.2794165108583206,-0.07740530575074954,108.0,6.0,2.0,2.16,2.256758334191025,1.9544100476116797,0.5641895835477563,3.385137501286538,857,868,956,961,50,7.16
659,750.7110552763819,969.1373534338359,12.380545728658385,2.7431902186343673,-1.367581549309069,1194.0,7.0,3.0,2.992481203007519,6.770275002573076,5.944106103225343,2.393653682408596,9.373021315815206,742,760,943,991,399,7.992481203007519
660,41.85768538876674,971.152908255047,13.691509841526107,9.604710976745706,0.3695717492790144,5003.0,11.0,4.0,4.2470288624787775,9.640875829802336,10.881694613449236,4.1841419359420025,17.01010542416083,0,63,951,992,1178,7.2470288624787775
661,683.4166666666666,965.7222222222222,1.464345514149037,1.2668546129774305,-1.1014265071857656,72.0,5.0,1.0,2.057142857142857,2.111004122822376,1.692568750643269,0.5641895835477563,2.876813695875796,681,686,963,969,35,6.057142857142857
662,806.4881406620605,985.2900381561308,26.25091900189959,17.239894299861657,0.015500942155778295,19394.0,24.0,5.0,5.650932400932401,8.758577656805558,17.94796937867892,5.836022431559495,29.580971537784905,761,882,927,1023,3432,7.650932400932401
663,210.2689075630252,970.4522536287242,7.950987091261792,3.645585270892174,-1.3411558803122474,1309.0,8.0,3.0,3.256218905472637,6.579524642479541,6.102643417692329,2.326213245840639,9.901487006738307,201,221,954,990,402,7.256218905472637
664,268.07339449541286,968.308486238532,6.876750337293162,2.8220758468651153,0.33239584752092843,872.0,9.0,3.0,3.1142857142857143,4.787307364817192,4.54864184146723,1.7841241161527712,7.653039857325812,258,287,960,975,280,8.114285714285714
665,561.6848662513742,960.7105166727739,8.900739434132689,5.489864833206212,1.3469824519742672,2729.0,10.0,4.0,4.103759398496241,9.491137855389772,8.03846421247924,3.1915382432114616,12.424986712231869,549,575,939,978,665,8.10375939849624
666,926.275,975.2333333333333,2.031843333390315,1.3601016717196772,-1.3117600766503572,120.0,6.0,3.0,3.0,2.763953195770684,2.0342144725641096,0.7978845608028654,3.1915382432114616,924,930,972,980,40,6.0
667,400.4778481012658,974.9229957805907,7.869539271065301,4.82025075911941,0.27394844256235845,948.0,7.0,2.0,2.4307692307692306,5.262410103554244,5.917270272703197,2.1850968611841584,9.574614729634384,388,419,961,984,390,6.430769230769231
668,977.550518134715,963.2037996545769,9.752859237862065,7.650363704621799,1.0447705358215602,2316.0,7.0,3.0,2.9205548549810847,9.423823971471327,8.51907589177983,3.431831258788849,13.552298857686367,958,994,944,984,793,6.920554854981084
669,157.38371356147022,981.1904309252218,10.261274618627876,7.297884510248376,0.30880547188168334,3156.0,12.0,4.0,4.1147327249022165,8.19532708223289,7.898654169668588,3.0382538898732494,13.02532799341193,138,179,957,997,767,8.114732724902217
670,608.0895522388059,974.6567164179105,1.6262412697980637,1.1678203925821835,0.14244664247464667,67.0,5.0,1.0,1.3673469387755102,1.8712051592547776,1.692568750643269,0.5641895835477563,2.763953195770684,604,612,972,978,49,8.36734693877551
671,459.9782082324455,991.6041162227602,6.872896068525099,2.850096478658331,-1.1733662560057925,826.0,9.0,2.0,2.9819494584837547,4.370193722368317,4.478115991081385,1.692568750643269,7.694520051971082,452,470,977,1002,277,9.981949458483754
672,861.8842048127375,990.248055002714,7.9255709815647855,6.519349452452844,-0.8452775040130505,5527.0,22.0,5.0,6.740243902439024,6.955796338302048,7.715176518808164,2.876813695875796,13.715726110367628,843,880,973,1015,820,11.740243902439024
673,1017.9476923076924,982.996923076923,3.111494949578494,2.733637996053483,-0.3040647025432567,325.0,5.0,2.0,2.3214285714285716,4.406461512053774,3.6996385101659595,1.381976597885342,5.781222885281108,1011,1023,977,990,140,6.321428571428571
674,234.65217391304347,980.7173913043479,3.4750472260927734,1.3773558575113467,1.4763098458322912,92.0,2.0,1.5,1.4375,4.370193722368317,2.6462837142006137,1.1283791670955126,3.989422804014327,231,237,976,990,64,6.4375
675,667.3924477410654,977.2838840188806,7.902914812388859,4.617298640439672,1.2899424137185356,1483.0,8.0,3.0,2.907843137254902,7.046725639945928,6.746726148605861,2.5854414729132054,10.910907269000948,653,677,958,991,510,6.907843137254902
676,714.9815595363541,972.0395152792413,9.372552450452943,4.573776186305423,0.34478116103376927,1898.0,8.0,4.0,3.692607003891051,9.062226582657155,7.1809610472257885,2.876813695875796,11.18462271470208,696,729,961,987,514,7.692607003891051
677,496.6142857142857,976.8714285714286,2.6846031096170373,1.107971128383973,1.5312664579984714,70.0,4.0,1.0,0.8860759493670886,2.4592453796829674,2.0342144725641096,0.5641895835477563,3.385137501286538,493,501,971,983,79,5.886075949367089
678,594.278594065111,987.0466724286949,6.308560711060401,5.656635119464501,-0.006209972923491519,3471.0,14.0,6.0,6.427777777777778,8.758577656805558,7.024103669400641,2.876813695875796,11.213046198183495,583,614,971,999,540,9.427777777777777
679,533.5328042816277,984.2985143489896,27.944631303943716,10.704247550342068,1.44249190628113,10837.0,22.0,3.0,4.0107327905255366,7.377736139048903,13.171138446245484,4.1841419359420025,24.154958525629645,496,558,920,1023,2702,8.010732790525537
680,34.354166666666664,994.8541666666666,4.140793040679123,0.9122124782305147,0.4816414980937588,48.0,3.0,1.0,0.6666666666666666,1.1283791670955126,2.393653682408596,0.5641895835477563,3.477898169151024,28,42,990,999,72,5.666666666666667
681,698.0491803278688,997.1803278688525,2.271577005440446,1.1387731741140419,-0.24542060132077803,61.0,3.0,2.0,1.4186046511627908,2.6462837142006137,2.111004122822376,0.7978845608028654,3.141274657157109,694,702,994,999,43,6.4186046511627906
682,924.3928366762177,1009.6979942693409,9.83485847281886,4.727284916457662,-0.22492100872743004,3490.0,18.0,4.0,5.444617784711388,6.023896332520351,7.001408606295148,2.5854414729132054,12.139912573947766,877,943,993,1023,641,8.444617784711388
683,11.177882107459572,1010.1585811163276,6.284181951609556,4.272169536321627,-0.36226766882093475,1917.0,11.0,4.0,4.447795823665893,6.699380116989518,6.257165172872317,2.393653682408596,9.755749892701914,0,26,998,1023,431,8.447795823665894
684,611.7075643358461,1011.8539121393294,13.966224729824802,4.955157820006039,-0.3803481479663899,3847.0,13.0,4.0,5.0551905387647835,7.797255174810172,7.878478774854901,3.0382538898732494,13.493452297211721,574,635,995,1023,761,8.055190538764784
685,56.2752808988764,1009.8089887640449,3.7328051428250943,2.172083295851816,1.2115879983221085,356.0,6.0,2.0,2.579710144927536,4.61809077155419,3.6125759969217834,1.381976597885342,5.613615477764332,51,62,1002,1018,138,7.579710144927536
686,113.7086446104589,992.4023479188901,8.077995167669918,3.64481931685523,0.898821497236722,937.0,6.0,3.0,2.684813753581662,7.611333607551958,5.944106103225343,2.326213245840639,9.149617481968136,104,127,978,1005,349,6.684813753581662
687,237.18055555555554,1003.9984567901234,4.3997501018891425,2.9104479830355556,0.7220897231804021,648.0,7.0,3.0,3.085714285714286,5.077706251929807,4.478115991081385,1.7841241161527712,7.046725639945928,230,246,995,1014,210,7.085714285714285
688,1020.8622047244095,1000.5433070866142,3.046249839151963,1.7231320074598002,1.5207922608170419,254.0,7.0,3.0,2.760869565217391,3.141274657157109,2.763953195770684,1.1283791670955126,4.406461512053774,1016,1023,994,1009,92,7.760869565217392
689,378.94827586206895,1000.8620689655172,3.5194887303632076,1.2408765378888458,-1.4349554261416715,58.0,2.0,1.0,0.6373626373626373,4.145929793656026,2.763953195770684,0.7978845608028654,3.9088200952233594,374,383,993,1007,91,5.637362637362638
690,172.40983606557376,1012.061475409836,7.965591644302414,5.366844022864697,-0.19472976297080555,1220.0,6.0,2.0,2.350674373795761,8.291859587312052,6.886811529393324,2.7057581899030048,10.983598994121039,148,186,997,1023,519,6.350674373795761
691,314.23347483323226,1001.6274509803922,18.193215939632434,7.767945728552751,-0.34951194836563326,4947.0,12.0,3.0,3.3134628265237778,8.387281135541944,11.340070282773887,4.145929793656026,18.480976918853813,270,347,982,1023,1493,7.313462826523778
692,877.0162601626016,1004.4715447154472,2.1392215236336667,1.5134541141139604,-1.481604140195382,123.0,5.0,2.0,2.1964285714285716,2.8209479177387813,2.256758334191025,0.7978845608028654,3.523362819972964,874,880,999,1009,56,8.196428571428571
693,216.33333333333334,1018.0408163265306,2.42217135730852,1.8182472653368955,-1.5282427599545114,147.0,4.0,1.0,1.4411764705882353,3.826519928662906,2.5854414729132054,0.9772050238058398,4.222008245644752,212,222,1012,1023,102,6.4411764705882355
694,403.059399877526,1017.6350275566442,13.680444473553646,4.117109650634856,0.01519394624913528,1633.0,8.0,3.0,2.8350694444444446,7.756324418739616,7.001408606295148,2.7057581899030048,11.198843474056307,381,433,1004,1023,576,6.835069444444445
695,887.404718693285,1020.6460980036297,6.147138949688263,1.8033670002124182,0.0018351164709626744,551.0,10.0,3.0,3.6733333333333333,3.656366395715726,3.3377905890622728,1.2615662610100802,5.836022431559495,878,903,1016,1023,150,9.673333333333334
696,255.31935483870967,1018.341935483871,2.7754499772485794,2.275515334079162,-0.9809234775341725,310.0,6.0,2.0,2.48,4.259537945889915,3.141274657157109,1.2615662610100802,4.950743503369154,249,261,1013,1023,125,8.48
697,516.4897959183673,1019.3401360544218,7.77519464661291,3.424641674111924,0.160065567629334,588.0,7.0,2.0,2.684931506849315,4.370193722368317,4.478115991081385,1.692568750643269,7.225151993843567,501,530,1009,1023,219,10.684931506849315
698,654.1545454545454,1020.3090909090909,2.4243902147059906,1.6605589582771494,-0.3923151362991678,110.0,4.0,2.0,1.896551724137931,3.477898169151024,2.4592453796829674,0.9772050238058398,3.7846987830302403,650,660,1017,1023,58,5.896551724137931
699,766.8686868686868,1022.0909090909091,3.1646910023756236,0.9209300446547921,-0.049464429291830064,99.0,6.0,2.0,2.25,2.111004122822376,1.8712051592547776,0.5641895835477563,3.2410224072142872,758,772,1020,1023,44,6.25
700,305.6666666666667,1019.8205128205128,2.248533015754523,2.020599861528985,0.3654533536094589,234.0,6.0,3.0,2.8536585365853657,3.826519928662906,2.7057581899030048,0.9772050238058398,4.1841419359420025,300,310,1015,1023,82,10.853658536585366
