547326,594443,547317,547328,594442,547329,547330,600603,547325,547327,600604,594437,547318,687557,687558,687559,687560,676391,600593,604571,604572,604573,604570,676389,600602,676388,600594,676387,687561,687566,687563,594438,607667,687572,687573,687574,547331,600607,687575,547319,547320,547321,547332,547322,600608,547324,547323,687579,687578,687577,600606,594439,594440,594441,687576,600609,687562,676392,607666,687564,687565,600605,687567,600601,600600,687580,687568,687569,687570,687581,676390,687582,600599,600598,600597,600596,600595,687571,607656,607657,607658,607664,607665,687583,361053,384614,361052,600661,360921,360920,360919,360918,600680,600681,600682,600683,600684,600685,600686,600687,600688,600660,356831,356833,356834,356835,543125,543126,543127,543128,543129,543130,543131,543132,543133,543134,543135,356832,600659,600658,600657,600651,360937,360936,360935,360934,360933,360932,360931,360930,360929,360928,360927,360926,360925,360924,360923,360922,600656,384632,384631,384630,384629,384628,547293,384627,600655,600654,600653,600652,384625,384624,384626,600650,352731,547291,548248,548249,548250,548251,548252,352735,352736,352737,548253,548254,352738,352739,352740,352741,548247,352742,352744,352745,352746,352747,686595,686594,686593,686592,686591,686590,686589,686588,686587,686586,352743,548246,352734,352733,547290,547289,547288,547287,547286,547285,547284,547283,547282,543136,543137,543138,543139,543140,543141,543142,543143,352732,547272,547273,547274,547275,547276,547292,547277,547279,547280,547281,543146,543145,543144,547278,600649,360938,360941,594448,594449,594450,594451,594452,360994,547305,547304,547303,547302,547301,547300,547299,547298,594447,547297,594453,594454,600614,600615,600616,594455,594456,352729,352730,547295,547294,600617,600618,600619,547296,594446,594445,594444,361051,607647,607646,361005,547315,547314,547313,687556,687555,687554,547312,361004,361003,361002,600610,600611,600612,547306,547307,547308,360995,360996,360997,600620,360998,547309,547310,547311,361000,361001,600613,360999,600621,600622,600623,600637,600638,600639,600640,600641,600592,384619,384620,384621,384622,384623,360989,360988,360977,360976,360971,360970,360942,600648,600647,600646,600645,600644,600636,600643,360943,360944,360945,360946,360968,360969,600642,547316,600635,600633,600624,600625,356824,356825,356826,356827,356828,356829,356830,600626,600627,600628,384587,384588,384601,384602,384603,600632,600631,600630,600629,384613,384612,600634,384611,384609,384608,384607,384606,384605,384604,384610,547333,607691,687608,664056,664055,664054,664053,664052,553397,359009,553398,553400,553401,553402,553403,600513,600512,553399,676338,676339,676340,664073,664063,664062,664061,664060,664059,664058,664057,547338,547339,547340,547341,676343,676342,676341,600511,600510,359008,676337,391730,391731,391732,391733,391734,553415,553416,391735,391736,664051,391737,600506,600505,600504,600503,600507,664074,600508,553413,676336,675263,675264,675265,359007,600509,553404,553405,553406,553407,553408,553409,553410,553411,553412,553414,664075,664076,547337,553385,553386,600524,600523,600522,600521,600520,600519,600518,600517,600516,600515,600514,676356,676355,553384,676354,553383,600525,600540,600539,600538,600537,600536,600535,600534,600533,600532,600531,600530,600529,600528,600527,600526,664095,664050,676353,553388,607759,607760,607761,607762,607763,607764,607765,607766,664079,664078,664077,676352,676351,676350,547336,607758,553387,607757,607755,553389,553390,607752,607753,607754,361057,361058,361059,553391,553392,553393,553394,553395,553396,664080,607756,664049,664048,664047,600489,553434,553435,553436,553437,553438,553439,553440,553441,553442,553443,553444,553445,553446,553447,600495,553448,553433,607770,663985,663984,553429,553430,553431,553432,600502,600501,600500,600499,600498,600497,607767,607768,607769,600496,663986,607771,607773,391768,600485,553450,553451,553452,553453,553454,553455,553456,553457,553458,553459,553460,553461,553462,391767,607772,391766,391753,607774,607775,607776,607777,607778,607779,553449,600488,600487,600486,391748,391749,391750,391751,391752,391754,600541,663987,553427,664034,664033,664032,664031,675272,675280,675281,391738,391739,391740,391741,391742,391743,391744,391745,664035,391746,664036,664038,664046,664045,358941,675266,675267,675268,675269,675270,675271,664044,664043,664042,664041,664040,664039,664037,553428,391747,664029,664018,664017,664016,664015,664014,664013,663998,663997,663996,553421,553422,553423,553424,553425,553426,664019,664030,675304,675302,664028,664027,664026,664025,664024,553417,553418,553419,675282,675283,675298,675299,553420,675300,675301,675303,664096,664097,664098,391657,391658,391659,607683,607684,607685,607686,607687,607688,607689,607690,686585,607692,607693,607694,391656,607695,607682,607680,607675,607676,607677,391646,391647,391648,391649,391650,391651,391652,391653,391654,391655,607678,607679,607681,607674,607696,607697,607714,607715,607716,361054,361055,361056,607717,607718,607719,607720,607721,607722,607723,384583,384582,607713,391660,607712,384585,607698,607699,607700,607701,607702,607703,607704,607705,607706,607707,607708,607709,607710,607711,384586,384584,384581,607673,607671,391616,391617,607668,607669,391618,391619,391630,391631,391632,391633,391634,391635,600581,391636,391637,391615,391638,391614,391612,687609,687610,687611,600591,600590,600589,600588,600587,600586,600585,600584,600583,600582,391610,391611,391613,607672,391639,391641,600571,600570,600569,600568,600567,676377,676376,676375,676374,676362,676361,676360,676357,391645,607670,600572,391640,600573,600575,391642,391643,391644,600580,547335,676383,676382,676381,676380,676379,676378,600579,600578,600577,600576,600574,547334,607724,607726,391696,391697,391698,391699,391700,391701,391702,391703,391704,391705,391706,391707,391708,391709,391710,553380,391711,553379,553377,553371,600554,391688,391689,391690,391691,391692,391693,391694,391695,553372,553373,553374,553375,553376,553378,553370,391724,391726,664113,664112,664111,664110,664109,664108,664107,664106,664105,664104,664103,664102,664101,664100,664099,664114,391725,664115,553381,600553,600552,600551,600550,391727,391728,391729,600549,600548,600547,600546,600545,600544,600543,600542,553382,607725,553369,553367,384579,384578,553362,553363,391661,391662,391663,600566,600565,600564,607745,607746,607747,607748,600563,384580,600562,607744,607742,607727,607728,607729,607730,607731,607732,607733,607734,607735,607736,607737,607738,607739,607740,607741,607743,553368,600561,600559,391683,391684,391685,391686,391687,600558,607749,607750,607751,600557,600556,600555,553364,553365,553366,391682,600560,391681,391679,391664,391665,391666,391667,391668,391669,391670,391671,391672,391673,391674,391675,391676,391677,391678,391680,686584,665087,356836,591356,591355,591354,543305,543304,543303,543302,543301,552399,552400,552401,591353,591352,591351,591350,591357,591349,543306,543308,685571,685572,597465,597466,597467,597468,597469,597470,597471,597472,597473,543312,543311,543310,543309,543307,591348,591347,591346,552417,552418,552419,552420,552421,552422,552423,543297,543296,543295,543294,543293,543292,543291,597474,552416,552415,552414,552413,591345,591344,552402,543300,543299,543298,552403,685570,552404,552406,552407,552408,552409,552410,552411,552412,552405,685569,685568,685567,594519,594518,594517,594516,594515,594514,388667,388666,552390,591372,591371,591370,591369,591368,591367,594520,594521,591373,591374,685533,685534,685535,543331,543330,591383,591382,591366,591381,591379,591378,603758,603759,591377,591376,591375,591380,597475,591365,591363,685560,685561,685562,685563,685564,543320,543319,543318,543317,543316,543315,543314,543313,685565,685566,685559,552398,552397,552396,591362,591361,591360,543329,591359,591358,552391,591364,552392,552394,543328,543323,543322,543321,685558,552395,552393,552424,552425,591343,547232,547233,547234,547235,552447,597493,547236,547237,547238,547239,547240,547241,591329,591328,547242,547231,547230,547229,547228,597483,597484,597485,597486,597487,597488,597489,547243,597490,597492,594505,594504,594503,547225,547226,547227,597491,543273,547244,547246,547264,547265,547266,547267,354777,354778,354779,354780,354781,354782,354783,354784,543272,543271,543270,594500,594501,594502,547263,547247,547248,547249,547250,547251,547252,547253,547245,547254,547256,547257,547258,547259,547260,547261,547262,547255,552389,543274,594506,552434,552435,552436,552437,552438,552439,552440,552441,552442,552443,547222,547223,547224,594513,591338,552433,552432,552431,552430,591342,591341,591340,350753,350752,350751,350750,591337,350749,350745,350744,591339,552426,552427,552428,552429,350748,543275,591336,591334,591330,552444,552445,552446,543286,543285,543284,543283,543282,543281,543280,543279,543278,543277,543276,543287,543288,543289,594507,594512,594511,594510,591333,591332,591331,594509,591335,597476,597478,597479,597480,597481,597482,543290,594508,597477,543269,552388,685531,666160,666159,666158,666157,666156,666155,388671,666154,666153,666152,666151,666150,666149,388670,388669,666161,388668,591438,591440,388677,591444,591443,591442,591441,603752,603753,603754,603755,603756,388676,388675,388674,388673,388672,591439,603757,666148,666147,666101,666100,666099,666098,666097,666096,666095,666094,666093,666092,666091,597456,597457,591437,591436,666102,666103,666104,666105,666146,666145,666144,666122,666121,666120,666119,388678,666118,666112,666111,666110,666109,666108,666107,666106,666113,388679,388680,388681,597424,597425,597426,597427,597428,597429,597430,606827,606828,606829,591450,591449,591448,591447,591446,597423,597422,597421,597420,390771,390772,390773,390774,390775,597410,390776,591445,597411,597413,597414,597415,597416,597417,597418,597419,597412,591435,597431,597433,597444,597445,666162,597446,597447,597448,597449,597450,597451,597452,597453,597454,543338,543337,597455,597443,597442,597441,388682,597434,597435,597436,597437,597438,597439,597440,597432,603751,388701,388700,388699,388698,388697,388696,388683,388702,591434,591433,591432,543335,543334,543333,543332,552361,552362,552363,552364,552365,685518,591393,591392,685519,552366,552367,543336,685517,685516,685515,552347,552348,552349,552350,552351,552352,552353,552368,552354,552356,552357,552358,552359,552360,685513,685514,552355,552346,552369,552371,685524,685525,685526,591391,591390,591389,591388,591387,591386,591385,591384,685527,685528,685529,685530,685523,685522,685521,685520,552372,552373,552374,552375,552376,552377,552378,552370,552379,552381,552382,552383,552384,552385,552386,552387,552380,685532,552345,552343,591421,591420,591419,591418,591417,591416,591415,591414,591413,591412,591411,591410,591409,591408,591407,591422,591423,597460,597459,591431,685505,685506,685507,685508,685509,685510,591406,685511,591430,591429,591428,591427,591426,591425,591424,597458,552344,591405,591403,666047,666046,552339,552340,666035,666034,666033,666032,597461,597462,597463,597464,685512,552341,552342,666061,666062,666063,666064,591402,591401,591400,591399,591398,591397,591396,591404,591395,666082,666081,666080,666079,666078,666077,666065,591394,543268,543267,543266,591284,591283,591282,591281,591280,591279,591278,591277,591276,591275,591274,591273,591272,591271,591270,591285,591259,591286,591288,543172,543171,543170,543169,543168,543167,543166,543165,543164,591294,591293,591292,591291,591290,591289,591287,591258,591257,591256,597563,552512,552513,552514,552515,552516,552517,552518,552519,552520,552521,552522,552523,552524,552525,597562,597561,597560,591255,543163,543162,543161,543160,543159,543158,543157,591295,543156,543154,543153,543152,597556,597557,597558,597559,543155,591296,591297,591298,597539,597540,597541,597542,597543,597544,552505,552506,552507,552508,665135,665134,665133,665132,597545,552504,552503,552502,552501,543176,597533,597534,597535,597536,597537,597538,597546,552495,552497,665138,665137,665136,552498,552499,552500,552496,552526,665131,597548,591304,591303,591302,591301,665125,665124,665123,665122,665121,591300,591299,665120,552509,552510,552511,543173,543174,597555,354822,543175,597549,597550,597551,597552,597553,597554,597547,665130,665128,665127,665126,354818,354819,354820,354821,665129,552527,552528,552529,686552,686553,686554,597587,597588,686555,686556,686557,686558,686559,597589,552548,552549,552550,665042,686551,552547,552546,552545,686541,686542,686543,686544,686545,686546,686547,665041,686548,686550,665054,665053,665052,552542,552543,552544,686549,686540,665040,665038,356846,356845,356844,356843,543151,543150,543149,543148,543147,356842,356841,356840,356839,356838,356837,356847,597620,597619,597618,665037,665022,665021,665011,665010,665009,665008,665039,597590,597592,354845,356870,356869,356868,597616,597617,597591,543177,686539,686538,665082,665081,665080,665079,665078,665077,665076,665075,665074,665073,665072,665071,665070,665069,665068,665083,665084,665085,665086,552530,552534,552535,552536,552537,552538,552539,665067,665102,552541,665099,665098,665097,665096,665095,553463,552540,665055,665066,665060,597580,597581,597582,597583,597584,597585,597586,686530,686531,686532,686533,686534,686535,686536,686537,597579,597578,597577,597576,597564,597565,597566,597567,597568,597569,665059,665065,665058,597571,597572,597573,597574,597575,665057,665056,597570,543178,543179,543180,543231,594466,594465,547269,547270,594464,594463,594462,594460,594459,594458,591326,591325,591324,591323,543232,543233,543234,543235,594475,594474,594473,594472,594471,594470,594469,591322,594468,543242,543241,543240,543239,543238,543237,543236,594467,594476,591321,594457,591309,591308,591307,591306,591305,350701,350700,350699,350698,350697,350696,352773,352772,548264,548263,591310,591311,591312,591313,352803,352802,352801,352800,547271,352799,352798,591320,352797,352774,591319,591318,591317,591316,591315,591314,352775,350695,350724,350726,597499,597500,597501,354786,354787,354788,354789,543251,543250,543249,543248,543247,543246,543245,543244,597498,597497,597496,597495,543265,543264,543263,543262,543261,543260,543259,543243,543258,543256,543255,543254,543253,543252,354785,597494,543257,350725,547268,594498,552452,552453,552454,594484,594483,594482,594481,594480,594479,594478,594477,552455,552456,552457,552458,552451,552450,552449,552448,594497,594496,594495,594494,594493,591327,350728,594499,350727,594491,594490,594489,594488,594487,594486,594485,594492,686583,548262,352771,552488,552489,552490,552491,552492,350684,350683,350682,552493,597511,597512,543200,543199,543198,543197,552487,552486,552485,552484,352748,543206,543205,543204,597507,543203,543202,543196,543201,597509,597510,350685,552480,552481,552482,552483,597508,352749,543195,543193,543185,543184,543183,350681,350680,543182,597526,597527,597528,597529,597530,552494,597531,597532,543181,543186,543187,543188,597525,543192,543191,543190,543189,597513,597514,597515,543194,597516,597518,597519,597520,597521,597522,597523,597524,597517,548261,352750,548255,354790,354791,354792,354793,543222,543221,543220,543219,543218,350694,350693,350692,350691,350690,350689,543223,552466,552465,552464,352770,352769,548260,548259,543230,543229,543228,350688,543227,543225,543224,552459,552460,552461,552462,552463,543226,352768,552467,543216,354796,354797,597502,597503,597504,597505,597506,543209,350687,350686,543208,548258,543207,548257,548256,354795,552479,552478,552477,552468,552469,552470,552471,552472,552473,543215,543217,543214,543212,543211,543210,354794,552474,552475,552476,543213,607780,553486,553465,594357,594358,599503,599502,599501,599500,599499,594356,599498,599496,594359,594360,594361,608763,608764,608765,599497,608766,608762,690648,690633,690634,690635,690636,690640,690641,690642,608761,690643,608758,608759,608760,690644,690645,690646,690647,608757,608767,608768,608769,608785,608786,608787,608788,608789,608790,608791,608784,608792,608794,608795,608796,594362,594363,594364,594365,608793,608783,608782,608781,608770,608771,608772,690649,690650,690651,690652,690653,690654,608773,608774,608775,608776,608777,608778,608779,608780,690632,599504,599505,599506,599521,599520,599519,608737,608738,608739,608740,598540,608741,599518,599517,599516,594349,594350,594351,388629,608742,598539,598538,598537,594347,594348,598535,598536,608724,608725,608726,608727,608728,608729,608730,608731,608732,608733,608734,608735,608736,388630,594366,388631,388650,388656,594354,594355,599515,599514,599513,599512,388655,599511,599509,599508,690628,690629,690630,690631,599507,599510,608756,608755,608754,388651,388652,594352,594353,388653,388654,608743,608744,608745,608746,608747,608748,608749,608750,608751,608752,608753,388649,608797,608798,608799,392688,599481,599480,599479,599478,599477,392689,392687,392690,392692,392693,599476,599475,599474,599473,599472,392691,392686,392685,392684,392667,392668,392669,392670,392671,392672,392673,392674,392675,392676,392677,392678,392679,392680,392681,392682,392683,388658,392666,547366,599471,392702,392703,392704,392705,392706,392707,392708,392701,392709,392711,392712,392713,392714,392715,392716,392717,392710,392700,392699,392698,598548,599465,599464,599463,599462,599461,599460,598549,598550,598551,598552,598553,598554,392694,392695,392696,392697,547367,594346,392665,392663,690657,690658,392634,392635,392636,599495,599494,608810,599493,599491,599490,599489,599488,608811,608812,608813,599492,608809,690656,690655,608800,608801,608802,608803,608804,608805,594367,594368,594369,594370,594371,594372,594373,608806,608807,608808,388657,608814,392664,608815,608817,608824,598543,598544,598545,598546,598547,599484,608823,599483,392656,392657,392658,392659,392660,392661,392662,599482,598542,598541,599485,599487,599486,392637,392638,392639,392640,392641,392642,608818,608819,608820,608821,608822,392643,392644,392654,392655,608816,392718,594345,661936,599553,598521,598522,541126,541125,541124,598523,541127,598524,541123,598526,598527,599552,599551,541122,541121,598525,608695,541128,541130,547353,608692,608693,608694,541132,541131,547354,541129,547355,676306,676305,676304,676297,599556,599555,599554,676307,608696,608697,541120,599549,541103,541102,541101,541100,541099,541098,599550,541097,599547,662009,662008,662007,662006,662005,662004,599548,541104,541105,541106,662013,662012,662011,662010,541119,541118,541117,541116,541115,541114,541113,541112,541111,541110,541109,541108,541107,547352,547351,547350,547349,599559,599558,599557,541155,541154,541153,541152,599560,541151,384457,662055,662054,662053,662052,662051,662050,541150,599561,599562,541156,599571,599570,599569,541164,541163,599568,599567,599566,599565,599564,599563,541162,541161,541160,541159,541158,541157,541149,599546,541148,541146,662034,662033,541139,541138,541137,541136,662028,662035,662027,541134,541133,608689,608690,608691,547347,547348,541135,662036,662037,547346,541145,541144,541143,662049,662048,662047,662046,662045,541142,541141,541140,388624,388625,358873,358872,358871,547345,541147,662003,599545,599544,547363,661979,661978,388626,388627,388628,661977,547362,661976,661974,661973,661972,661971,661970,661969,661968,661975,547361,547360,547359,661983,661982,661981,661980,598531,676295,676294,676293,676292,676291,676290,676289,676288,676287,547356,547357,547358,661967,661984,661966,547364,661949,661948,661947,661946,661945,661944,661943,594343,608721,608723,661942,661941,661940,661939,661938,661937,608722,594342,594341,594340,547365,594330,594331,594332,594333,598532,608714,608715,608716,608717,608718,608719,608720,598533,598534,594334,594335,661965,594344,661985,661987,599534,599533,541092,608705,608706,608707,608708,599535,608709,541091,541090,599532,541089,541088,541087,541086,608710,599536,599537,599538,541096,541095,541094,541093,599543,599542,599541,599540,599539,662002,608698,608699,608700,608701,608702,608703,608704,541085,661986,541084,541082,541077,541076,599525,599524,599523,599522,598528,541078,661993,661991,598529,598530,676296,661990,661989,661988,661992,541079,661994,661995,599531,599530,599529,608711,608712,608713,662001,662000,599528,599527,599526,541081,541080,661999,661998,661997,661996,541083,392719,392720,392721,554417,691673,691674,691675,691677,554418,554419,691672,554420,554422,554423,554424,554425,554426,554427,554428,554421,554429,554416,554414,355812,355811,355810,691660,691661,691664,691665,554415,691666,691668,554411,691669,691670,691671,554412,554413,691667,554430,554431,554432,361946,355808,355807,355806,355805,540266,540265,361945,540264,540262,355804,355803,540261,540260,540259,540258,540263,361944,361943,361942,554433,554434,691678,691679,691680,554435,554436,554437,554438,554439,691681,691682,540267,355809,554440,554441,361941,355813,355814,355815,691659,598600,598601,547396,547397,598602,598603,598604,598599,554406,554408,598605,598606,392823,598607,598608,598609,554407,598598,598597,598596,608874,608875,608876,392816,392817,392818,392819,547394,547395,392820,392821,392822,598591,598592,598593,598594,598595,598610,540245,598611,598613,355820,355819,355818,355817,355816,691652,691653,355821,691654,691656,554409,554410,349701,349700,691657,691658,691655,355822,349702,349703,598614,598639,598640,598641,598642,355869,349729,349728,349727,349726,349725,349720,349705,349704,355846,355845,355844,598612,355802,355801,355800,594398,594397,594396,594395,540195,540194,540193,594399,540192,540190,540189,540188,540187,540186,540185,540184,540191,594400,594401,594402,540199,540198,540197,540196,388665,349665,349664,349663,349662,349661,349660,388664,388663,388662,388661,388660,594403,540183,540200,540182,540180,554444,554445,540172,540171,540170,554446,554447,554443,554448,554450,554451,540169,547430,547429,547428,547427,554449,540173,540174,547431,540179,540178,540177,540176,540175,388659,547418,547419,547420,547421,547422,547423,547424,547425,547426,554452,547432,540181,608873,540201,594405,361947,361948,540225,540224,540223,540222,349677,540226,349676,349674,349673,349672,540221,540220,540219,540218,349675,540227,540228,540229,547398,547399,540244,540243,540242,540241,540240,540239,540238,540237,540236,540235,540234,540233,540232,540231,540230,540217,594404,540216,540214,547406,594412,594411,594410,594409,594408,594407,540206,547407,540204,540203,540202,547408,547409,547410,594406,540205,554442,349666,349667,540213,540212,547400,547401,547402,547403,547404,547405,540211,540210,540209,540208,540207,349671,349670,349669,349668,540215,608872,392815,598590,392790,392791,392792,392793,392794,392795,392796,392775,392797,392799,392800,392801,392802,392803,392804,392805,392798,392774,598563,598562,608827,608828,608829,608830,661024,661023,661022,661021,661020,392773,598556,598557,598558,598559,598560,598561,661019,392806,608826,392807,661018,594384,594385,594386,594387,594388,594389,594390,661010,594391,547368,547369,547370,547371,547372,547373,547374,594392,594383,594382,594381,661017,661016,661015,661014,661013,661012,661011,392809,392812,392813,392814,598564,598565,598566,598567,598568,594380,392808,594393,608825,392771,392749,392750,661046,661045,661044,661043,661042,392748,392751,392753,392754,392755,392756,392757,661041,661040,392752,599448,599449,599450,392722,392723,392724,392725,392726,392727,392728,392729,392730,392731,392732,392733,392734,392735,598555,599452,599451,661039,392772,661031,661029,594413,594375,594376,594377,594378,594379,392761,594414,392762,392764,392765,392766,392767,392768,392769,392770,392763,594415,594416,594417,661028,661027,392758,392759,392760,594426,594425,594424,661026,594423,594374,594422,594421,661025,594420,594419,594418,661030,599572,594394,547376,660945,660944,660943,660942,660941,660940,660924,660946,660923,660921,660920,660919,660918,660917,660916,660915,660922,660947,660948,660949,608867,547393,660964,660963,660962,660961,660960,660959,660958,660957,660956,660955,660954,660953,660952,660951,660950,660914,608866,660913,598579,554403,554404,554405,598581,598582,598583,598584,554402,598585,608869,608870,608871,598586,598587,598588,598589,608868,554401,554400,554399,598580,660912,554384,554385,554386,554387,554388,554389,554390,554391,554392,554393,554394,554395,554396,554397,554398,598578,547375,547392,547390,660979,660978,660977,660976,660975,660974,660973,660980,608839,608841,608842,608843,608844,608845,608846,608847,608840,660981,608838,608837,547377,598569,598570,598571,660988,660987,660986,660985,660984,660983,660982,608831,608832,608833,608834,608835,608836,608848,547391,598572,608850,608861,608862,547384,547385,547386,547387,547388,608860,547389,598574,598575,598576,598577,608863,608864,608865,598573,608856,660965,660966,608851,608852,608853,608854,608855,660972,660971,660970,660969,660968,547378,547379,547380,547381,547382,547383,660967,608849,599573,599574,599575,542189,542188,542187,542186,542185,542184,542183,542190,598452,598454,598455,553510,553511,553512,553513,553514,598453,553515,542191,598451,358888,358887,358886,358885,358884,675337,547344,542192,594436,594434,675347,542197,542196,542195,542194,542193,594435,553516,553517,553518,553531,553532,553533,553534,553535,553536,553537,553530,553538,553540,553541,553542,553543,553544,553545,553546,553539,553529,553528,553527,553519,598456,598457,542182,542181,553520,553521,542180,542179,542178,542177,542176,553522,553523,553524,553525,553526,675336,675333,675332,675331,590386,590385,553508,553509,542224,590384,590383,590387,542223,542221,542220,542219,542218,542217,542216,590382,542222,590388,590389,590390,688606,688607,688608,688609,688610,590398,553504,553505,553506,553507,590397,590396,590395,590394,590393,590392,590391,590381,553547,590380,590378,598446,598447,598448,598449,598450,542207,542206,598445,542205,542203,542202,542201,542200,542199,542198,675330,542204,598444,598443,598442,542215,542214,598426,598427,542213,542212,542211,542210,542209,542208,598428,598436,598437,598438,598439,598440,598441,590379,553548,553549,542175,598463,598464,598465,598466,598467,663017,663016,598462,663015,663013,663012,663011,663010,663009,598468,598469,663014,598461,598460,598459,542160,542159,542158,542157,542156,542155,542154,590371,590370,663021,663020,663019,663018,542153,542152,542151,598458,598470,542161,598471,542149,675349,358883,358882,358881,358880,358879,358878,675348,358877,358875,358874,594433,594432,594431,594430,594429,358876,542141,542142,598480,542148,542147,542146,542145,542144,542143,598472,598473,598474,598475,598476,598477,663008,663007,663006,598478,598479,542150,688605,590372,590374,663075,663074,663073,663072,663071,663070,553554,663076,553555,542170,542169,542168,542167,542166,542165,542164,553556,663077,663078,663079,542174,542173,542172,663092,663091,663090,663089,663088,663087,663086,663085,553550,542171,553551,553552,553553,663080,553557,590373,553558,553560,663034,663033,663032,663031,663030,663029,663028,663035,663027,663025,663024,663023,663022,590377,590376,590375,663026,663036,663037,663049,553561,553562,553563,542163,542162,663059,663058,663057,663056,663055,553564,553565,663054,663053,663052,663051,663050,553559,688604,688603,688602,607823,607824,391795,391796,391797,391798,391799,607822,542314,542312,542311,542310,542309,542308,676333,676332,542313,607821,607820,607819,553485,390770,553487,607816,607817,553488,553489,553490,553491,391788,391789,391790,391791,391792,391793,391794,607818,607825,553484,607826,600476,542294,542293,542292,607838,607839,607840,607841,542295,607842,607844,607845,607846,607847,607848,607849,607850,607843,542296,542297,542298,607828,607829,607830,607831,607832,607833,607834,607836,607837,600475,600474,600473,600472,542307,542306,542305,542304,607827,607851,607815,553482,607782,607783,676334,607784,607785,607786,607787,676335,607788,607790,607791,607792,607793,607794,607795,607796,607789,358897,358917,675309,553466,553467,553468,553469,553470,553471,553472,553473,553474,553475,600484,358918,675305,675306,675307,607781,675308,607797,553483,607798,607800,391772,391773,391774,391775,391776,391777,391778,607814,391779,391781,391782,391783,391784,391787,553480,553481,391780,607813,607812,607811,607801,391769,553476,553477,553478,553479,391770,391771,607802,607803,607804,607805,607806,607807,607808,607809,607810,607799,594428,607852,542290,542239,542238,542237,542236,542235,553497,553498,675329,553499,553501,542234,542233,542232,542231,542230,542229,553500,675328,547343,547342,675314,675315,675316,675317,675318,675319,675326,675327,676325,676324,676323,553492,553493,553494,553495,553496,676322,542228,675313,542227,542225,688595,688596,688597,688598,688599,688600,688601,688594,590407,590405,590404,590403,590402,590401,590400,590399,590406,688593,688592,590408,688579,688580,688581,553502,553503,590412,590411,590410,688582,688583,688584,688585,688586,688587,688588,688589,590409,542226,542291,675312,675310,590425,590424,590423,590422,590421,590420,590419,590426,590418,590416,590415,590414,590413,542269,542268,542267,590417,542270,542271,542272,542289,542288,542287,542286,542285,542284,542283,542282,542281,542280,542279,542278,542277,542276,542275,542274,542273,542266,675311,542265,542263,542241,542240,676331,676330,676329,676328,676327,542242,676326,358895,358894,358893,358892,358891,358890,358889,358896,542243,542244,542245,542262,542261,542260,542259,542258,542257,542256,542255,542254,542253,542252,542251,542250,542249,542248,542247,542246,542264,553464,675350,675352,541260,541259,541258,541257,541256,541255,590267,541261,590266,590264,541254,541253,541252,590263,590262,590261,590265,590260,541262,541264,590274,590273,541271,541270,384524,384523,541269,541263,541268,590271,590270,590269,590268,541267,541266,541265,590272,590259,590258,590257,599594,599593,384522,384521,384520,384519,384518,388623,384517,384515,384514,384513,384512,384511,384510,384509,384516,590232,590233,590234,590256,388618,388619,388620,388621,388622,590255,590254,590253,590252,590251,590250,590249,590248,590247,590246,590235,590275,590276,590277,590278,689624,689625,384525,689626,689627,689628,689629,384526,689630,590310,590309,590308,590307,590306,590305,590304,590311,384527,384528,689623,689612,689616,689617,689618,384537,384536,384535,384534,384533,384532,689619,689620,689621,689622,384531,384530,384529,590303,384508,590302,590300,590282,590281,590280,541290,541289,541288,541287,590283,541286,541284,541283,541282,541281,541273,541272,590279,541285,590284,590285,590286,590299,590298,590297,590296,590295,689631,689632,689633,689634,590294,590293,590292,590291,590290,590289,590288,590287,590301,384507,384506,384505,541202,541201,541200,541199,541198,590231,590230,541203,608670,608672,608680,541197,541196,541195,541194,541193,608671,541204,384460,384461,541210,541209,541208,384472,384471,384470,541207,541206,541205,384469,384468,384467,384466,384465,384464,384463,384462,541192,541211,541191,541189,541172,541171,541170,541169,541168,541167,662067,541173,662066,662064,662063,662062,384459,384458,541166,541165,662065,541174,541175,541176,541188,541187,541186,541185,541184,541183,541182,608681,608682,608688,541181,662069,662068,541180,541179,541178,541177,541190,689611,541212,384473,384497,384496,541240,541239,541238,541237,384495,384498,384494,384492,384491,384490,384489,384488,384487,384486,384493,384499,384500,541241,384504,384503,384502,384501,599592,599591,599590,541251,541250,541249,541248,541247,541246,541245,541244,541243,541242,541236,541213,541235,541233,541218,541217,541216,541215,541214,599582,599581,541219,599580,599578,599577,599576,384477,384476,384475,384474,599579,541220,541221,541222,541232,541231,541230,541229,541228,541227,541226,599589,599588,599587,599586,599585,599584,599583,541225,541224,541223,541234,689610,689609,689608,590352,599664,599663,599662,388556,388557,388558,590353,590351,590349,388559,388560,590348,590347,590346,590345,590350,384577,553574,553573,542115,542114,598500,598501,598502,598503,598504,598505,598506,599665,553569,553570,553571,553572,590356,590355,590354,590344,542116,384576,384574,388573,388574,662973,662972,662971,662970,662969,388572,662968,662967,384572,662965,542112,542111,662964,662963,542113,388571,388570,388569,384573,662974,590343,590342,590341,590340,388561,388562,388563,388564,590339,590338,590337,388565,388566,388567,388568,384575,662962,553568,553566,598491,598492,542136,542135,598493,598494,598495,598490,598496,542133,542132,542131,542130,542129,542128,542127,542134,598489,542137,598488,675362,675363,675364,675365,675366,675367,594427,542140,542139,542138,598481,598482,598483,598484,598485,598486,598487,598497,553567,598498,542126,542122,542121,542120,542119,542118,542117,662999,542124,662998,662996,662995,662994,662993,662992,662991,662990,662997,663000,663001,663002,542125,590369,590368,590367,590366,590365,590364,590363,590362,590361,590360,590359,590358,590357,663005,663004,663003,598499,675351,542110,542108,599610,599609,599608,599607,599606,599605,689604,599611,599604,590324,590323,599603,599602,599601,599600,599599,590325,599612,599613,599614,388605,590327,590326,599623,599622,599621,599620,599619,388606,388607,388608,388609,388610,599618,599617,599616,599615,599598,599624,599597,599596,384567,388615,388616,388617,384566,384565,384564,384568,384563,384561,384560,689607,384548,384547,384546,384545,384562,384569,388614,384570,599595,689605,689606,388611,388612,388613,590321,590320,590319,590318,590317,590316,590315,590314,590313,590312,384571,590322,542109,599625,599627,388586,388587,388588,388589,388590,388591,388592,662960,388593,388595,388596,388597,388598,388599,590334,590333,388594,662961,590335,590336,542107,542106,542105,542104,542103,542102,388575,388576,388577,388578,388579,388580,388581,388582,388583,388584,388585,590332,599626,590331,388601,598515,598516,599637,599636,599635,599634,599633,598514,599632,598517,598518,598519,598520,599630,599629,599628,599631,598513,598512,598511,388602,388603,388604,590330,590329,590328,542101,542100,599661,599660,599659,599658,599657,598507,598508,598509,598510,388600,390769,603749,390767,545367,545366,545365,545364,545363,545362,545361,545360,545359,545358,545357,545356,545355,545354,602681,545368,545369,545370,545371,545377,545376,545375,386673,386672,386671,386670,548429,386669,386662,386661,386660,386659,545374,545373,545372,386668,548428,548427,386658,550295,550296,550297,550298,548426,604683,550299,550294,550300,550302,550303,550304,550305,604682,604681,604680,550301,548430,550293,386629,386657,386656,386655,386654,386653,386652,386651,550292,386650,386636,386635,386634,386633,386632,386631,386630,386649,604679,548431,386675,602699,602698,602697,602696,602695,602694,602693,602692,680479,680480,680481,680482,680483,680484,602691,602700,602701,357861,357862,680429,680430,680436,680437,680438,680439,680440,602690,680441,680443,389751,389752,680450,680451,680452,680453,680442,602689,602688,602687,548445,548444,548443,548442,548433,548432,603645,545378,603646,603648,386681,386680,386679,386678,386677,386676,603647,386674,545379,545381,602686,602685,602684,602683,357860,357859,357858,545380,357857,357855,357854,602682,545385,545384,545383,545382,357856,680428,604678,604676,550338,550339,550340,550341,550342,602658,602657,605671,605672,605673,605674,605675,605676,605677,605678,605670,605669,605668,605667,602668,602667,602666,602665,602664,602663,602662,605679,602661,602659,605661,605662,605663,605664,605665,605666,602660,605680,602656,550343,550362,550363,550364,550365,550366,550367,550368,550361,550369,550371,550372,550373,602655,602654,602653,602652,550370,550337,550360,550358,550344,550345,550346,550347,550348,550349,550350,550359,550351,605682,550352,550353,550354,550355,550356,550357,605681,604677,550336,550334,357850,357849,357848,357847,604673,604672,604671,548425,545353,545352,545351,545350,545349,545348,545347,357851,357852,357853,602675,604675,604674,602680,602679,602678,550306,550307,545346,550308,550310,550311,550312,550313,550314,602677,602676,550309,545345,545344,545343,605658,605659,605660,550321,550322,550323,550324,605657,550325,550327,550328,550329,550330,550331,550332,550333,550326,550335,605656,550319,545342,550315,602674,602673,602672,602671,605651,550320,605652,605654,605655,602670,602669,550316,550317,550318,605653,550374,680427,680425,671246,671245,671244,671243,671242,671241,357871,357870,671240,671239,671238,671237,671236,671235,605598,549479,549478,549477,549476,357916,357894,357893,357872,351747,351746,605595,605607,605596,671276,671275,671274,671267,671266,671265,549475,605597,605608,605609,605610,671218,671217,387685,387686,387687,387692,671216,671231,671215,387693,387694,387695,387696,671213,671212,671211,671214,357984,387684,387682,605615,605616,605617,605618,605619,605620,605621,387683,605622,357869,357868,357867,357866,671233,671232,602736,671234,671210,351748,351750,389721,389722,389723,389724,387680,387681,389725,389726,595531,595532,595533,595534,595535,593321,593320,389720,389719,389707,389706,595525,595526,549449,549450,549451,549452,549453,593319,549454,595527,595528,595529,595530,389703,389704,389705,549455,593318,593317,593309,549469,549470,549471,549472,549473,549474,351776,549468,351775,351773,351772,351771,351770,351769,351752,351751,351774,351749,549467,351777,593308,593307,549456,549457,549466,595536,595537,595545,595538,595540,595541,595542,595543,595544,593306,351778,595539,680426,671203,671201,604685,680397,605648,605649,605650,680398,680399,602702,357863,680400,389739,389740,389741,389742,389743,604686,604687,604688,604689,605635,605636,605637,605638,605639,605640,605641,389744,605642,605644,605645,605646,605647,680396,604691,604690,605643,389745,389746,389747,548456,548455,548454,548453,548452,548451,548450,603644,548449,548447,548446,680420,680421,680422,680423,680424,548448,605634,603643,387704,389748,389749,389750,680413,680414,680415,680416,387705,680417,680419,604684,387699,387700,387701,387702,387703,680418,671202,605633,605631,389731,680381,389732,389733,389734,389735,602731,671169,671168,671167,671166,671165,671164,671163,671162,389730,389729,389728,389727,671200,387697,387698,593469,604692,602735,602734,671161,602733,671199,671198,671197,671187,671186,671185,671184,602732,671160,602730,602729,680388,680389,680390,680391,680392,680393,680394,680387,680395,605624,605625,605626,605627,605628,605629,605630,605623,605632,680386,680384,602728,602727,602726,357865,357864,602710,602709,680385,602708,602706,602705,602704,602703,389736,680382,680383,602707,550375,550376,550377,602583,602582,550449,550450,550451,550452,550453,550454,550455,550456,550457,550458,550459,670194,670193,545263,545264,545265,545266,602589,670210,670209,670208,670207,670206,602588,670192,602587,602585,602584,545271,545270,545269,545268,545267,602586,670191,670190,550460,670188,670187,603663,603664,603665,670178,604667,546373,545262,670177,670176,670175,670174,670173,550471,550472,545261,670211,546372,546370,550461,550462,605800,550463,550464,550465,550466,546371,605801,605803,550467,550468,550469,550470,670189,602581,605802,550473,670212,670215,602605,602604,602603,545281,545280,545279,545278,545277,545276,545275,545274,545273,545272,602602,602601,602606,602607,602608,602609,670247,670246,670244,670243,670242,670241,550419,602600,550420,550422,550423,550424,593482,593483,593484,602610,550421,602599,602598,602597,550438,550439,550440,550441,550442,550443,550444,550437,550445,550447,550448,670220,670219,670218,670217,670216,550446,670214,550436,550434,602596,602595,602594,602593,602592,602591,602590,550435,550425,550427,550428,550429,550430,550431,550432,550433,550426,670248,550474,605805,550500,550501,550502,550503,386621,386620,386619,386618,386617,386616,386615,386614,386613,386612,386611,550499,550498,550497,550496,545251,545250,545249,545248,545247,681435,681436,386610,681437,670135,670134,670133,670132,550493,550494,550495,681438,386609,681439,386608,681453,681461,681462,681463,681464,681465,681466,681452,681467,545245,545244,545243,545242,545241,681474,681475,545246,670136,681451,681449,386607,386606,386605,386604,386603,386602,386601,681450,681440,681442,681443,681444,681445,681446,681447,681448,681441,605804,670137,550492,386626,386625,386624,386623,681407,681408,386622,550489,550490,670162,670161,670160,351719,351718,351717,386627,386628,550481,351720,605806,605807,351725,351724,351723,351722,550475,351716,545260,681406,550476,550477,550478,550479,550480,351721,545259,681409,681410,681411,351708,351707,351706,351705,351704,545257,545256,351709,545255,545253,545252,670144,670143,670142,670141,550491,545254,670138,351710,681422,681412,681413,351715,351714,351713,351712,351711,681423,681414,681415,681416,681417,681418,681419,681420,681421,545258,670249,670250,670251,548423,548422,548421,548420,548419,605732,548418,548417,546359,546360,603653,603654,605733,545341,545340,605731,605730,605729,605728,605715,605716,605717,605718,605719,546357,546358,545339,548424,605721,605722,605723,605724,605725,605726,605727,605720,545338,545337,545336,546363,546364,546365,546366,545326,605739,605740,546362,605741,605743,605744,545325,550392,545324,550393,550394,605742,605714,546361,545328,545335,545334,605734,605735,605736,605737,605738,545327,550388,550390,550391,545333,545332,545331,545330,545329,550389,550395,605713,605711,602641,602640,602639,602638,602637,602636,602635,602634,602633,602632,602631,603649,603650,603651,603652,550387,550386,550385,550384,550378,550379,550380,550381,550382,550383,602651,546345,602650,602648,602647,602646,602645,602644,602643,602642,602649,546346,546347,546348,605695,605696,605697,605698,605699,605700,605701,605694,605702,605704,605705,605706,605707,605708,605709,605710,605703,605712,605693,605691,546349,546350,546351,546352,546353,546354,546355,605692,605683,605685,546356,605686,605687,605688,605689,605690,605684,550396,545323,545322,605775,605776,605777,605778,605779,605780,605781,605782,605783,605795,605796,605797,605798,605799,550406,602619,602620,602621,602622,605763,605764,605765,605766,605767,605768,605769,550407,605770,605772,605773,605774,545298,545297,545296,602623,605771,550408,602618,602617,545282,602614,602613,602612,602611,603661,603662,545283,546369,550415,550416,550417,550418,670254,670253,670252,550414,605762,545284,545286,550409,550410,550411,550412,550413,602616,602615,545285,545295,545293,545292,545291,545290,545289,545288,545287,545294,605761,605760,605759,593471,593472,593473,593474,593475,593476,593477,593470,550397,550399,550400,550401,550402,550403,550404,593478,550398,593479,604668,604670,545321,545320,545319,545318,545317,545316,545315,604669,545314,545312,545311,545310,546367,546368,603655,603656,545313,595524,605745,605747,602630,602629,602628,602627,602626,602625,602624,545302,545301,545299,605753,605754,605755,605756,605757,605758,545300,605746,545303,545305,605748,605749,605750,605751,593480,593481,603657,545304,603658,603660,550405,605752,545309,545308,545307,545306,603659,681476,595523,595521,546226,546225,546224,603627,603628,603629,603630,603631,603632,603633,603634,603635,604695,546223,546222,546227,546228,546229,546230,546246,546245,546244,546243,546242,546241,546240,546221,546239,546237,546236,546235,546234,546233,546232,546231,546238,604694,604693,593462,593440,593439,593438,593437,593436,673221,673222,593441,673223,673232,673233,673234,673235,387625,387626,549270,603639,546247,593442,593444,603636,603637,603638,593463,593464,593465,593466,593443,673214,673216,549269,673217,673218,673219,673220,593445,673215,549271,546248,546250,678393,604780,604781,678394,604782,604783,593461,593460,593459,593458,593457,593456,546268,546267,546266,678392,678391,678390,678389,604775,604776,604777,604778,604779,603558,387535,546265,387534,387532,603548,603547,603546,603545,678387,678388,387533,546264,678400,678401,678434,678435,678436,678437,593453,593452,593451,678433,593450,593448,593447,593446,546254,546253,546252,546251,593449,546249,546255,546257,678402,593455,593454,678403,678404,678405,678429,546256,678430,678432,546263,546262,546261,546260,546259,546258,678431,604774,549272,549274,549310,549311,549312,549313,549314,549315,549316,546199,672271,672270,672269,672265,672264,672263,672262,549309,549308,546200,546201,593414,593413,593412,593411,593410,593409,593408,672261,593407,593405,593404,593403,593402,593401,593400,549307,593406,672260,672259,672258,672243,672242,672241,672240,672239,672238,593395,549327,593394,593392,593391,593390,593389,593388,593387,593386,593393,593415,549326,549324,672257,546198,595354,672256,672255,549317,549318,549325,549319,593398,593397,593396,549320,549321,549322,549323,593399,549273,549306,549305,549281,549282,549283,549284,549285,549286,546220,546219,546218,593468,387627,593422,593421,593420,593419,549280,549279,549278,549277,549275,549276,593467,593435,593434,593433,593432,387628,593431,593429,593428,593427,593426,593425,593424,593423,593430,546217,546216,546215,546206,549299,593418,593417,593416,672291,672290,546207,672289,549301,549302,549303,549304,546205,546204,546203,549300,546202,546208,549297,546214,546213,546212,546211,546210,546209,549287,549298,549288,549290,549291,549292,549293,549294,549295,549296,549289,595355,604773,604758,603621,603622,387592,387591,387590,387589,387588,387587,387586,387585,387584,387583,678354,546309,603606,603620,603619,387593,678353,678345,678346,604701,604702,678349,604703,604704,603605,604705,604707,604708,604709,604710,678350,678351,678352,604706,603604,387582,387581,603601,603623,603624,603625,603626,604696,603600,678370,603599,603597,603596,603595,603594,603593,603592,603591,603598,678344,546295,546297,387580,387579,387578,603603,603602,546308,546307,546296,546306,546304,546303,546302,546301,546300,546299,546298,546305,603590,678343,678341,387595,387594,604697,604698,604699,604700,603609,603608,603607,603615,603616,603617,603618,546344,546343,387596,387597,387598,387599,603610,387624,387623,387622,387607,387606,603611,546342,387605,603612,603613,603614,387603,387602,387601,387600,387604,546341,546340,546339,546318,546317,546316,546315,546314,546313,546312,546319,546311,678334,678335,678336,678337,678338,678339,678340,546310,678342,546320,546322,546338,546337,546336,546335,546334,546333,546332,546321,546331,546329,546328,546327,546326,546325,546324,546323,546330,604772,387577,387575,546272,546271,546270,546269,678378,678379,603576,603575,603574,603573,603572,603571,678380,678381,678382,546273,546274,604735,604734,604726,604727,604728,604729,604730,546282,546281,604736,546280,546278,546277,546276,546275,604731,604732,604733,546279,604737,604738,604739,604752,604753,387542,387541,387540,387539,387538,603567,604754,387536,603561,603560,603559,604755,604756,604757,387537,604725,603568,603570,604740,604741,604742,604743,604744,604745,604746,603569,604747,678383,678384,678385,678386,604749,604750,604751,604748,387576,604724,604722,678376,678377,546294,546293,546292,546291,546290,546289,546288,546287,387563,387562,387561,387560,387559,678375,678374,678373,678372,387574,387573,387572,387571,387570,387569,387568,387558,387567,387565,387564,603589,603588,603587,603586,678371,387566,387557,387556,546286,546284,546283,604711,604712,604713,604714,604715,546285,604716,604718,604719,604720,387545,387544,387543,604721,604717,604723,603577,603579,603585,603584,603583,387555,387554,387553,387552,603578,387551,387549,387548,387547,387546,603582,603581,603580,387550,595356,595357,595358,593373,593372,593371,593370,549411,549412,549413,389632,389633,549414,549415,549416,593369,593368,593367,593374,593375,593376,389631,389615,389616,389617,389618,389619,389620,389621,593366,389622,389624,389625,389626,389627,389628,389629,389630,389623,593365,593364,549417,549428,595467,595468,595469,389635,389636,389637,549427,389638,389640,389641,389642,389643,389644,389645,595470,389639,595461,549426,549424,549418,549419,593363,593362,593361,593360,389634,549425,595462,595464,595465,595466,549420,549421,549422,549423,595463,595471,595460,595458,593380,593379,593378,593377,387658,549408,549409,549410,673313,673314,673315,673316,389584,389585,389586,593381,593382,593383,593384,387648,387649,387650,387651,387652,387653,549403,389587,549404,549406,549407,387654,387655,387656,387657,593385,549405,389588,389589,389590,389611,389612,389613,389614,595446,595447,595448,389610,595449,595451,595452,595453,595454,595455,595456,595457,595450,595459,389609,389607,389591,389592,389593,389594,389595,389596,389597,389608,389598,389600,389601,389602,389603,389604,389605,389606,389599,549402,595472,595474,593333,593332,593331,593330,593329,593328,593327,593326,593325,593324,593323,595509,389689,389690,389691,593334,593335,593336,593337,595501,595502,595503,549440,389685,389686,389687,389692,389688,595505,595506,595507,595508,593340,593339,593338,595504,389693,389694,389695,387675,387676,603640,549441,549442,603641,549443,595520,549444,549446,549447,549448,603642,387677,387678,387679,549445,595500,595519,595517,389696,389697,593322,389698,389699,389700,389701,595518,389702,595511,595512,595513,387674,595514,595515,595516,595510,595473,549439,389684,389651,595490,595491,595492,595493,595494,595495,595496,595497,595498,549429,549430,595499,389652,389653,389650,389649,389648,389647,595475,595476,595477,595478,595479,595480,595481,389654,595482,595484,595485,595486,595487,595488,595489,389646,595483,593359,593358,593357,389680,673318,673319,387659,387672,387673,549435,389679,549436,549438,593344,593343,593342,389681,389682,389683,549437,593341,549434,593345,549431,549432,593356,593355,593354,593353,389655,549433,389656,593352,593351,593350,593349,593348,593347,593346,389657,549401,549400,549399,679394,679395,679396,679397,673254,673255,673256,673257,673258,673259,673260,673261,673262,673263,673264,679393,679392,679391,679377,672208,672199,672198,672197,672196,672195,672194,673265,679370,679372,679373,679374,673252,673253,679375,679376,679371,673266,673267,673268,679398,679399,679400,679401,679402,595384,595385,672188,595386,595388,595389,595390,595391,595392,595393,595394,595387,672209,672189,672191,387635,387636,387637,387638,387639,387640,387641,672190,387642,673278,673279,673280,673281,673282,672193,672192,387643,595395,672210,679368,672235,672234,595377,595378,595379,595380,595381,595382,672233,672232,672231,672230,672229,672228,672227,672236,672237,595376,595375,595359,595360,595361,595362,595363,595364,595365,672226,595366,595368,595369,595370,595371,595372,595373,595374,595367,672225,672224,672223,549333,549334,549335,679357,679358,679359,679360,549332,679361,679363,679364,679365,549336,672211,679366,679367,679362,679369,673251,673249,672222,672221,549328,549329,549330,549331,595383,673250,387629,387631,387632,387633,387634,673246,673247,673248,387630,595396,595397,679403,595443,595444,595445,673283,673284,673285,673286,673287,673288,549364,673289,673295,673296,549365,549366,595442,595441,595440,595439,595425,595426,595427,595428,595429,595430,595431,549367,595432,595434,595435,595436,595437,549362,549363,595438,595433,549368,549369,549370,549389,389581,389582,549390,549391,549392,549393,549388,549394,549396,549397,389583,387645,387646,387647,549398,549395,595424,549387,549385,549371,673297,387644,549372,549373,549374,549375,549386,549376,549378,549379,549380,549381,549382,549383,549384,549377,595423,595422,595421,679417,679418,679419,679426,679427,679428,549344,679416,549345,549347,549348,549349,549350,549351,549352,549353,549346,679429,679415,679413,679404,679405,679406,679407,679408,549337,549338,679414,549339,549341,549342,549343,679409,679410,679411,679412,549340,595522,595398,595400,679459,679460,679461,595411,595412,595413,595414,679458,595415,595417,595418,595419,549359,549360,549361,595420,595416,595399,679457,679455,595401,549354,549355,549356,549357,549358,595402,679456,595403,595405,595406,595407,595408,595409,595410,679454,595404,390768,681477,681504,385649,385648,385647,385646,385645,385644,385638,601622,601621,601620,385637,385636,601619,601618,601617,385650,385651,385652,385653,544169,544168,544167,544166,544165,544164,544163,601616,544162,601626,601625,601624,601623,385656,385655,385654,544161,684480,684481,684482,684491,684492,601603,601602,601601,548339,601600,684490,601599,601597,601596,601595,601594,601593,601592,601591,601598,544170,684489,684487,684483,684484,601615,601614,601613,601612,601611,684488,601610,601608,601607,601606,601605,601604,684485,684486,601609,601590,544171,544173,601644,601643,601642,601641,544188,544187,544186,544185,544184,544183,544182,601640,601639,601638,601637,601645,601646,601647,596565,674279,548340,544195,544194,544193,544192,544191,601636,544190,601649,601648,551496,551497,551498,551499,596564,544189,551500,551501,551502,551512,551513,551514,551515,551516,551517,551518,544175,551519,551521,551522,551523,551524,551525,551526,544174,551520,544172,544176,544178,551503,551504,551505,551511,601635,601634,601633,544177,601632,601630,601629,601628,601627,544181,544180,544179,601631,674278,601589,601587,684505,684506,684507,684508,684509,548327,548326,606640,548325,684510,548324,388707,388706,388705,388704,684504,684503,684502,684501,667175,667174,667173,684495,606621,606622,606623,388703,606632,606634,606639,684496,684497,684498,684499,684500,606633,677330,677329,677328,674307,674308,674309,674310,674311,674312,674313,674306,606647,667172,606649,606650,667171,667170,667169,606651,606648,667176,674305,674303,606641,606642,606643,606644,606645,606646,684511,674304,684534,684536,684537,684538,684539,684540,684541,674302,684535,601588,684494,601567,385629,548336,548335,548334,674280,674281,674282,674283,674284,674285,674286,674287,674288,674289,548333,385630,385631,385632,385633,601586,601585,601584,601583,601582,601581,601580,548332,601579,548337,667185,667184,667183,667182,385635,385634,548338,548331,674290,674291,667177,388710,388709,388708,548328,601578,601577,667178,601576,601574,601573,601572,601571,601570,601569,601568,601575,684493,667179,667181,674292,674293,674294,548330,385628,385627,385626,667180,385612,604586,604585,385611,385610,385609,385608,385607,548329,606652,674277,674275,551451,551452,551453,551454,551455,668085,668084,604614,604613,668083,668082,604612,604611,604610,604609,604615,604616,548354,548355,668113,668112,668111,668096,604621,604620,604619,604608,604618,551445,551446,551447,551448,551449,551450,604617,668095,551456,551457,551458,596559,596560,596561,592297,596562,596563,544211,596558,544210,601712,592296,592295,592294,592293,592284,592283,544209,592301,596557,596555,551459,551460,551461,592300,592299,592298,677347,596556,544216,544214,544213,544212,596551,596552,596553,596554,544215,592282,592302,592304,596549,596550,544229,544228,544227,544226,544225,544224,544223,544222,544221,544220,544219,544218,544217,551434,551433,551432,551431,544237,544236,551426,551427,551428,551429,544235,592329,544234,544232,544231,544230,596546,596547,596548,551430,544233,592328,592327,592326,592309,592308,551435,551436,551437,551438,551439,592310,551440,551442,551443,551444,668114,592307,592306,592305,551441,592303,592311,668126,592325,592324,548356,604622,592323,592322,592321,668125,592320,592318,592317,592316,592315,592314,592313,592312,592319,674276,592281,601710,674239,551483,551484,551485,551486,551487,551488,551489,551490,674240,674241,674242,674243,674244,551491,603733,603732,603731,604591,544197,601667,601666,601665,544196,601664,601663,551492,601662,601660,601659,603730,604595,604594,604593,604592,601661,551493,674245,674246,601655,601654,601653,601652,551494,551495,601651,601656,601650,548345,548344,548343,548342,548341,674273,674274,548346,603729,601657,548347,674247,388718,388717,388716,388711,674248,674256,601658,674257,674259,548353,548352,548351,548350,548349,548348,674258,601711,603728,603726,551464,551465,551466,551467,551468,551469,551470,551471,551472,551473,551474,551475,601683,601682,601681,551463,551462,601684,601685,601709,601708,601707,601706,601705,601704,601703,551476,544208,544206,544205,544204,544203,544202,544201,601686,544207,601680,601679,601678,604606,604605,604604,604603,604602,604601,604600,604607,604599,604597,604596,677346,388721,388720,388719,603725,604598,603727,544198,544200,601677,601676,601675,601674,551477,551478,551479,544199,551480,551482,601673,601672,601671,601670,601669,601668,551481,667168,385606,385605,390660,606761,606762,390661,390662,390663,390664,390665,390666,390667,390668,390669,390670,390671,606763,390659,390658,390657,390656,601497,601496,596593,596594,606759,606760,385484,606764,385483,390649,390650,390651,390652,390653,390654,390655,596595,606765,606766,606767,548307,548306,548305,548304,548303,548302,548301,548308,548300,390677,390678,390679,390680,390681,390682,390683,390676,601498,548309,674341,606768,606769,390672,390673,677319,603734,677318,674342,677317,390675,677316,677315,677314,677313,674339,674340,390674,390701,601499,606757,601529,601528,601527,601526,601525,601524,601523,601522,548316,548315,677327,677321,548314,548313,548312,601530,601531,601532,601533,601545,390645,390646,390647,390648,601544,601543,548311,601542,601540,601539,601538,601537,601536,601535,601534,601541,548310,674338,677320,385490,385489,385488,601513,601512,601511,601510,385491,601509,385487,385486,385485,606753,606754,606755,606756,601500,606758,385492,385494,601521,601520,596566,596567,596568,596569,601519,385493,385503,385501,385500,385499,385498,385497,385496,385495,385502,601546,390702,548299,390729,390730,390742,390743,390744,390745,390746,390747,390748,606801,606802,606803,390749,356892,597402,390728,390727,548265,548266,548280,548279,548278,606800,548277,548276,548275,597403,548274,548272,548271,548270,548269,603750,548268,548267,548273,597404,597405,597406,390764,390765,390766,606809,606815,606816,606817,390763,606818,606820,606821,606822,606823,606824,606825,606826,606819,548281,390760,390758,597407,606804,606805,606806,606807,606808,597408,390759,597409,390751,390752,390753,390754,390755,390756,390757,390750,390703,548282,548284,606776,390706,390707,390708,596596,390709,390710,606777,606778,606779,606780,606781,606782,390711,390712,606775,606774,390705,390704,548298,604584,604583,677312,677311,606770,606771,390713,606772,548297,548296,548295,548294,548293,674343,548292,606773,606783,606784,606785,548288,548287,548286,548285,606788,606789,606790,548289,606791,606793,606794,606795,606796,606797,606798,606799,606792,548283,548290,548291,606786,596597,596598,390714,390715,390716,390717,606787,390718,390720,390721,390722,390723,390724,390725,390726,390719,601547,601548,601549,606689,667137,667136,667135,667134,385585,385584,385583,385582,385574,385573,385572,385571,385560,385559,606688,606687,606686,606685,667146,667145,667144,667143,667142,667141,667140,385558,667139,606678,606679,606680,606681,606682,606683,606684,667138,385557,385556,390609,390617,390618,390619,390620,606695,606696,606697,606694,606698,606700,606701,606702,606703,606704,606705,385549,606699,385586,606693,390616,390610,385555,385554,385553,385552,385551,385550,606692,606690,390611,390612,390613,390614,390615,601566,601565,606691,385548,606677,606675,684543,684544,684545,684546,544160,544159,544158,544157,544156,544155,544154,606662,606663,606664,606665,684542,674322,674321,674320,385604,385603,385602,385601,385600,385599,385598,606666,606653,606655,606656,606657,606658,606659,606660,606661,606654,606667,606668,606669,548318,548317,684549,390605,390606,390607,390608,548319,385591,385589,385588,385587,606671,606672,606673,606674,385590,606676,548320,548322,606670,385597,385596,385595,385594,385593,385592,548321,544153,544151,544150,544149,684547,684548,674323,548323,544152,385547,385546,385545,667057,385521,385520,385519,385518,385517,385516,385515,385514,385513,390621,390622,390623,390624,390626,667058,667059,667060,385522,385532,667089,667088,667087,667086,667072,667071,390627,385531,385529,385528,385527,385526,385525,385524,385523,385530,390628,390629,390630,390643,390644,601563,601562,601561,601560,601559,390642,601558,601556,601555,601554,601553,601552,601551,601550,601557,385533,601564,390640,390631,390632,390633,385512,385511,385510,385509,390641,385508,385506,390634,390635,390636,390637,390638,390639,385507,385534,385535,385536,667119,667118,667117,667116,667105,606712,606713,667120,606714,606716,606717,667104,667103,667102,667101,385542,606715,385541,667121,667123,667133,606706,606707,606708,606709,606710,606711,667122,667132,667130,667129,667128,385544,385543,667125,667124,667131,544238,385540,606718,606739,606740,606741,606742,606743,606744,606745,606738,606746,606748,606749,606750,606751,606752,385538,385537,606747,385539,606737,606735,606719,606720,606721,606722,606723,606724,606725,606736,606726,606728,606729,606730,606731,606732,606733,606734,606727,681503,596545,596543,596403,596404,596405,596406,596407,682431,682432,682433,682434,682435,682436,682437,682438,682439,682440,596402,596401,596400,596399,548380,548379,548378,548377,548376,596388,596389,359916,596390,596392,596393,596394,596395,596396,596397,596398,596391,359917,682441,682442,669219,669218,669217,669195,669194,682443,682444,669220,682445,682447,682448,682457,359965,359971,359972,669193,682446,548381,669221,669223,359918,359919,359920,359921,359942,359943,359964,669222,669232,669230,669229,669228,669227,669226,669225,669224,669231,669192,548382,596386,386532,386531,386530,386529,386528,386527,386526,386525,386524,386523,386522,386521,386520,386519,386518,386533,386534,359894,353826,677381,548383,677380,677379,353773,353793,353794,386517,353795,353797,353798,353821,353822,353823,353824,353825,353796,386516,386515,386514,359914,359915,386512,386511,386510,386509,386508,359913,353827,596379,596380,596381,596382,596383,596384,596385,596378,596387,359912,359910,386513,359895,359896,359897,359898,359899,359900,359911,359901,359903,359904,359905,359906,359907,359908,359909,359902,677403,669191,669189,669109,669108,669107,548375,677378,592465,592464,592463,592462,677377,592461,592460,677376,677375,388729,669110,669111,596439,596438,592470,592469,592468,669120,592467,592466,669119,388728,596429,596431,596432,596433,596434,596435,596436,596437,596430,388727,677368,677367,603713,603714,603715,603716,596440,596441,596442,603712,596443,596445,596446,596447,596448,596449,596450,596451,596444,592471,603711,603709,677366,677365,548374,677364,677363,677362,388726,603710,548373,548371,548370,548369,603705,603706,603707,603708,548372,669190,596428,596426,682486,682487,682488,682489,682490,682491,682498,682499,682500,682501,669169,669168,669167,669166,669165,682485,682473,669170,682472,669188,669187,669186,669185,669184,669183,669182,669164,669181,682458,682459,682460,682461,682462,682463,682464,669171,359973,359974,682528,360031,360032,596416,596417,596418,596419,596420,360030,596421,360033,360034,592473,592472,596423,596424,596425,596422,596427,360029,596415,682529,669153,669152,669151,596408,596409,669150,360028,669149,669137,669136,596410,596411,596412,596413,596414,669138,390588,677404,677406,602547,602546,602545,602544,602543,602537,386576,386575,386574,386573,386572,386571,386570,603677,603678,602548,602549,602550,602551,602558,602557,602556,602555,602554,386596,386584,603679,386583,386581,386580,386579,386578,386577,602553,602552,386582,603680,603681,603682,603692,603693,602536,602535,602534,602533,603694,603691,602524,602522,602521,602520,545208,603695,546383,546384,602523,602559,603690,603688,603683,603684,546375,546376,546377,604659,604658,603689,604657,546379,546380,546381,546382,603685,603686,603687,546378,546385,602560,604660,545222,545221,545220,545219,545218,545217,545216,545215,545214,545213,545212,545211,545210,545209,603666,545223,545224,545225,545226,681505,681506,545240,545239,545238,545237,545236,603667,545235,545233,545232,545231,545230,545229,545228,545227,545234,603668,602580,602579,604665,604664,604663,602568,386600,386599,386598,604666,386597,602566,602565,602564,602563,602562,604662,604661,602567,602561,603676,603675,602578,602577,602576,602575,602574,602573,602572,546374,602571,602569,603669,603670,603671,603672,603673,603674,602570,677405,546386,546394,545195,545194,545193,545192,545191,545190,545189,545188,545187,545186,545185,353758,353759,545184,545183,353757,353756,353755,353754,545196,548401,548400,548399,386547,386546,386545,545182,386544,548398,548397,386542,386541,386540,386539,353753,386543,545181,545180,545179,353763,353764,353765,353766,353767,353768,353769,353762,353770,353772,548389,548388,548387,548386,548385,548384,353771,545197,353761,545174,545178,545177,386538,386537,386536,548396,548395,353760,677407,548393,548392,548391,548390,386535,545176,545175,548394,546387,545198,545200,546402,386565,386564,386563,386562,386561,386560,386559,386558,546403,386557,386556,386555,386554,386553,386566,386567,386568,546401,546395,603696,603697,603698,603699,603700,603701,386552,603702,603704,386569,546396,546397,546398,546399,546400,603703,386551,546404,546405,548404,548403,548402,546409,677415,677414,677413,546408,386550,386548,677412,677411,677409,677408,545202,545201,386549,545199,546407,548405,548416,548415,548414,548413,548412,548411,548410,546406,548409,548407,548406,545207,545206,545205,545204,545203,548408,390589,390590,390591,668194,668193,668192,551355,551356,551357,551358,551359,551360,551361,551362,551363,551364,551365,551366,668195,668196,668197,668198,544261,596523,596524,596525,596526,668209,668208,551367,668207,668205,668204,668203,668202,668201,668200,668199,668206,551368,551369,551370,668165,668164,551376,551377,551378,592389,592388,668166,592387,592385,592384,592383,592382,592381,592380,592379,592386,544262,668167,668169,551371,551372,551373,551374,551375,668170,592399,668168,592398,592396,592395,592394,592393,592392,592391,592390,592397,592378,544263,544265,592410,592409,592408,592407,592406,592405,592404,592403,592402,592401,592400,551342,551343,551344,544286,592411,592412,592413,551341,548361,677350,677349,677348,544292,544291,544290,544285,544289,551336,551337,551338,544288,544287,551339,551340,551335,544284,544283,544282,544275,544274,544273,544272,683520,683521,683522,544276,683523,683525,544271,544270,544269,544268,544267,544266,683524,544264,544277,544279,596519,596520,596521,596522,544281,544280,551345,544278,551346,551348,551349,551350,551351,551352,551353,551354,551347,596518,592377,592375,668143,668142,668141,668140,548360,548359,592343,592342,544255,596530,544254,544253,592341,592340,544252,668144,668145,668146,668147,592345,592344,551421,551422,551423,551424,551425,544251,668148,596528,596529,544260,544259,544258,544257,544256,596527,544250,544249,544248,596536,596537,596538,596539,596540,592338,592337,596535,592336,592334,592333,592332,592331,592330,596541,596542,592335,592346,596534,596532,544247,544246,544245,544244,544243,592339,548358,596533,548357,668128,544242,544241,544240,544239,668127,596531,668129,592376,592347,551420,551380,551381,551382,592360,592359,592358,592357,592356,592355,592354,592353,551383,551384,551385,551386,668159,668160,668161,668162,592374,592373,592372,592371,592370,592369,592368,551387,592367,592365,592364,592363,592362,592361,551379,668163,592366,551388,551389,551390,668156,551409,592352,592351,592350,592349,551410,668157,551411,551413,551414,551415,551416,551417,551418,551419,551412,592348,668158,551407,551391,551392,551393,551394,551395,551396,551397,551408,551398,551400,551401,551402,551403,551404,551405,551406,551399,596517,596516,551334,544334,544333,544332,544331,544330,544329,544328,544327,603723,603724,592433,592432,592431,592430,677358,544335,544336,544337,677359,603720,548367,548366,604656,604655,604654,603721,677357,603722,388724,388723,388722,677361,604653,604652,677360,388725,604651,604650,677356,593485,592426,592425,592424,592423,593486,593487,604636,544326,544324,544323,544322,544321,544320,544319,593488,544325,603719,604637,604639,677355,677354,677353,592429,592428,604649,604648,604638,604647,592427,604645,604644,604643,604642,604641,604640,604646,593489,603718,603717,544361,544360,596452,544359,544358,596453,596454,596455,596456,596457,596458,596459,596460,596461,596462,390593,592442,592443,592444,390592,592459,592458,592457,592456,592455,592454,596463,592453,592451,592450,592449,592448,592447,592446,592445,592452,596464,596465,592441,544353,544352,544351,544350,544349,544348,544347,544354,544346,544344,544343,544342,544341,544340,544339,544338,544345,548368,544355,596473,592440,592439,592438,592437,592436,592435,592434,596474,596466,544357,544356,596468,596469,596470,596471,596472,596467,592422,592421,592420,683470,683471,683472,683473,544304,544303,683476,683477,683478,683479,683480,683481,683482,683483,683484,683469,683468,683467,683466,596506,596507,596508,596509,596510,596511,683456,551324,683457,683459,683460,683461,683462,683463,683464,683465,683458,551325,551326,551327,544295,544294,604624,604623,548365,548364,548363,544296,548362,551329,551330,551331,544293,596515,551332,551333,551328,596505,544297,544299,683485,683486,683487,596512,596513,596514,683510,544298,683511,683513,683514,683515,683516,544302,544301,544300,683512,596504,596503,551323,544306,544305,593492,593493,593494,677352,677351,592414,593495,593497,604635,604634,604633,604632,604631,604630,593496,604629,592415,544308,592419,592418,592417,592416,593490,593491,544318,544307,544317,544315,544314,544313,544312,544311,544310,544309,544316,596544,604628,604626,596494,596495,551316,551317,551318,551319,551320,596493,551321,596496,596497,596498,596499,596500,596501,596502,551322,604627,596492,596490,604625,596475,596476,596477,596478,596479,596480,596491,596481,596483,596484,596485,596486,596487,596488,596489,596482,554453,582129,554455,373210,373209,373208,373207,373206,373205,373204,373203,373202,373201,373200,373199,632395,373211,632394,632392,632391,632390,632389,632388,632387,632386,632385,632384,632383,632382,632381,632380,632393,373212,373213,373214,373258,373257,373256,373255,373254,373253,373252,373251,373250,373249,373248,373247,373246,373245,373244,373243,373242,373241,373240,373239,373238,373237,373236,373228,373227,373226,373225,373224,373223,632379,373259,632378,632376,632344,632343,632342,632341,632340,632339,632338,632337,632336,632335,632334,632333,616031,632345,616032,616034,616035,616036,616037,616038,616039,616040,616041,582222,582221,582220,582219,582218,616033,632346,632347,632348,632375,632374,632373,632372,632371,632370,632369,632368,632367,632366,373198,373197,373196,373195,373194,373193,373192,373191,632359,632358,632357,632356,632355,632354,632353,632352,632351,632350,632349,632377,582217,373260,373262,570940,570941,570942,570943,570944,570945,570946,570947,570948,570949,570950,616023,616024,570939,616025,616027,616028,616029,616030,570951,570952,570953,570954,570955,570956,570957,570958,570959,616026,570938,570937,570936,570907,570908,570909,570910,570911,570912,570913,570914,570915,570916,570917,570918,570919,570920,570921,570922,570923,570924,570925,570926,570927,570928,570929,570930,570931,570932,570933,570934,570935,570960,373261,570961,570963,333317,333318,333319,333320,373361,373360,373359,373358,373357,373356,373355,373354,373353,333316,373352,373350,373349,373348,373347,373346,373345,373290,373289,373267,373266,373265,373264,373263,373351,333315,333314,333313,570964,570965,570966,570967,570968,570969,570970,570971,570972,570973,570974,570975,570976,570977,570978,570979,570980,570981,570982,570983,570984,373367,373366,373365,373364,373363,373362,333311,333312,570962,582216,582215,582214,571877,571878,571879,571880,571881,571882,571883,571884,571885,571886,571887,571888,571889,571876,571890,582208,582207,582206,582205,582204,616042,582203,582202,582201,582200,582199,582198,582197,571891,571875,571874,571873,571844,571845,571846,571847,571848,571849,571850,571851,571852,571853,571854,571855,571856,571857,571858,571859,571860,571861,571862,571863,571864,571865,571866,571867,571868,571869,571870,571871,571872,582196,571843,582195,571893,571922,571923,571924,571925,571926,571927,571928,571929,571930,571931,571932,571933,571934,571921,571935,571937,571938,571939,571940,571941,571942,571943,571944,571945,571946,571947,571948,571949,571936,571920,571919,571918,571894,571895,571896,582194,582193,582192,582191,582190,571897,571898,571899,571900,571901,571902,571903,571904,571905,571906,571907,571908,571909,571910,571911,571912,571913,571914,571915,571916,571917,571892,571842,571841,571840,582209,632303,632302,632301,632300,632299,632298,632297,632296,632295,632294,632293,632292,582210,632291,632289,632288,632287,632286,632285,632284,632283,632282,632281,632280,632279,632278,632277,632290,582211,582212,582213,632332,632331,632330,632329,632328,632327,632326,632325,632324,632323,632322,632321,632320,632319,632318,632317,632316,632315,632314,632313,632312,632311,632310,632309,632308,632307,632306,632305,632304,632276,632275,632274,632273,571811,571812,571813,571814,571815,571816,571817,571818,571819,571820,571821,571822,571823,571824,571825,571826,571827,571828,571829,571830,571831,571832,571833,571834,571835,571836,571837,571838,571839,571810,570906,571809,571807,632272,632271,632270,632269,632268,632267,632266,632265,632264,632263,632262,632261,632260,632259,632258,632257,632256,632255,632254,632253,632252,632251,632250,632249,632248,632247,632246,632245,571806,571808,570905,570904,570903,634345,634344,634343,634342,634341,634340,634339,634338,634337,634336,634335,634334,634333,634346,634332,634330,634329,634328,634327,634326,634325,634324,634323,634322,634321,634320,634319,634318,634331,634347,634348,634349,634359,634358,634357,634356,634355,634354,615977,615978,615979,615980,615981,615982,615983,615984,615985,615986,615987,615988,615989,615990,615991,615992,615993,615994,615995,634353,634352,634351,634350,634317,634360,634316,634314,570789,570790,570791,570792,570793,570794,570795,570796,570797,570798,570799,570800,570801,570788,570802,570804,570805,570806,570807,570808,570809,570810,570811,570812,570813,570814,570815,570816,570803,570787,570786,570785,634313,634312,634311,634310,634309,634308,634307,634306,634298,634297,634296,634295,634294,634293,634292,332287,332288,332289,332290,332291,332292,332293,332294,332295,332296,332297,570782,570783,570784,634315,634361,634362,634363,374262,634443,634442,634441,374252,634440,634439,634438,634437,634436,634435,634434,634433,374263,634432,634430,634429,634428,634427,634426,634425,634424,634423,634422,634421,634420,634419,634418,634431,374264,374265,374266,374322,374321,374314,374313,374291,374290,374289,374288,374287,374286,374285,374284,374283,374282,374281,374280,374279,374278,374277,374276,374275,374274,374273,374272,374271,374270,374269,374268,374267,634417,634416,634415,374251,634379,634378,634377,374234,374233,374232,374231,374230,374229,374228,374227,374226,374225,374224,374217,374216,634376,634375,634374,634373,634372,634371,634370,634369,634368,634367,634366,634365,634364,634380,570817,374235,634381,374250,374249,374248,634407,634406,634405,634404,634403,634402,634401,634400,634399,634398,634397,634396,634395,634394,634393,634392,634391,634390,634389,634388,634387,634386,634385,634384,634383,634382,374236,571950,615996,615998,633301,633300,633299,570863,570864,570865,570866,570867,570868,570869,633298,633297,633296,633302,633295,633293,633292,633291,633290,633289,633288,633287,633286,633285,633284,633283,633282,633281,633294,633303,633304,633305,633334,633333,633332,633331,633330,633329,633328,633327,633326,633325,633324,633323,633322,633321,633320,633319,633318,633317,633316,633315,633314,633313,633312,633311,633310,633309,633308,633307,633306,633280,633335,633279,633277,616017,616018,616019,616020,616021,616022,570881,570882,570883,570884,570885,570886,570887,616016,570888,570890,570891,570892,570893,570894,570895,570896,570897,570898,570899,570900,570901,570902,570889,616015,616014,616013,633276,633275,570870,570871,570872,570873,570874,570875,570876,570877,570878,570879,570880,633274,633273,633272,633271,633270,633269,616006,616007,616008,616009,616010,616011,582225,582224,582223,616012,633278,633336,633337,633338,570844,633419,633418,633417,633416,633415,633414,633413,633412,633411,633410,633409,633408,570843,633407,633405,633404,633403,633402,633401,633400,633399,633398,633397,633396,633395,633394,633393,633406,570842,570841,570840,615999,616000,616001,616002,616003,616004,616005,570818,570819,570820,570821,570822,570823,570824,570825,570826,570827,570828,570829,570830,570831,570832,570833,570834,570835,570836,570837,570838,570839,633392,633391,633390,570845,633367,633366,633365,633364,633363,633362,633361,633360,633359,633358,633357,633356,633355,633354,633353,633352,633351,633350,633349,633348,633347,633346,633345,633344,633343,633342,633341,633340,633339,633368,615997,633369,633371,570846,570847,570848,570849,570850,633383,633382,633381,633380,633379,633378,633377,633376,633375,633374,570851,570852,570853,570854,570855,570856,570857,570858,570859,570860,570861,570862,633373,633372,633370,374323,571951,571953,372173,372172,372171,372170,372169,372168,372167,582161,582160,582159,582158,582157,582156,372174,582155,582153,582152,629324,629323,629322,629321,629320,629319,629318,629317,629316,629315,629314,582154,372175,372176,372177,372198,372197,372196,372191,372190,372189,372188,372187,372186,372185,372184,335357,335358,372183,335359,335360,335361,335362,335363,335364,335365,335366,335367,335368,372182,372181,372180,372179,372178,629313,372199,629312,629310,629273,629272,629271,629270,629269,629268,629267,629266,629265,629264,629263,629262,629261,629274,629260,629258,629257,629256,629255,629254,629253,629252,629251,629250,629249,629248,629247,629246,629259,629275,629276,629277,629309,629308,629307,629306,629305,629304,629303,629302,629301,629300,629299,629298,629297,629296,629295,629294,629293,629292,629288,629287,629286,629285,629284,629283,629282,629281,629280,629279,629278,629311,629245,372200,372202,573000,573001,573002,573003,573004,573005,573006,573007,573008,573009,573010,573011,573012,572999,573013,573015,573016,573017,573018,573019,573020,573021,573022,573023,573024,573025,573026,573027,573014,572998,572997,572996,572992,630221,630220,630219,630218,630217,630216,630215,630214,630213,630212,630211,630210,630209,630208,630207,630206,630205,630204,630203,630202,630201,630200,630199,630198,630197,572993,572994,572995,573028,372201,573029,573031,372236,372235,372234,372233,372232,372231,372230,372229,372228,372227,372226,372225,372224,372237,372223,372221,372220,372219,372218,372217,372216,372215,372214,372213,372212,372211,372204,372203,372222,372238,372239,372240,573032,573033,372343,372342,372341,372340,372339,372338,372337,372336,372335,372334,372333,372332,372331,372330,372329,372328,372327,372326,372325,372324,372323,372322,372266,372265,372264,372242,372241,573030,629244,629243,629242,573944,573945,573946,573947,573948,573949,573950,573951,573952,573953,573954,573955,573956,573943,573957,573959,573960,573961,336381,336382,336383,336384,336385,336386,336387,336388,336389,336390,573958,573942,573941,573940,573911,573912,573913,573914,573915,573916,573917,573918,573919,573920,573921,573922,573923,573924,573925,573926,573927,573928,573929,573930,573931,573932,573933,573934,573935,573936,573937,573938,573939,336391,573910,336392,573963,573997,573998,573999,574000,574001,574002,628312,628311,628310,628300,628299,628298,628297,573996,628296,628294,628293,628292,628291,628290,628289,628288,628287,628286,628285,628284,628283,628282,628295,573995,573994,573993,573964,573965,573966,573967,573968,573969,573970,573971,573972,573973,573974,573975,573976,573977,573978,573979,573980,573981,573982,573983,573984,573985,573986,573987,573988,573989,573990,573991,573992,573962,573909,573908,573907,629208,629207,629206,629205,629204,629203,629202,629201,629200,629199,629198,629197,629196,629209,629195,629193,629192,629191,629190,629189,629188,629187,629186,629185,629184,629183,629182,629181,629194,629210,629211,629212,629241,629240,629239,629238,629237,629236,629235,629234,629233,629232,629231,629230,629229,629228,629227,629226,629225,629224,629223,629222,629221,629220,629219,629218,629217,629216,629215,629214,629213,629180,629179,629178,629177,573878,573879,573880,573881,573882,573883,573884,573885,573886,573887,573888,573889,573890,573891,573892,573893,573894,573895,573896,573897,573898,573899,573900,573901,573902,573903,573904,573905,573906,573877,572991,573876,573874,629176,629175,629174,629173,573856,573857,573858,573859,573860,573861,573862,573863,573864,573865,573866,573867,573868,573869,582151,582150,582149,582148,582147,582146,582145,573870,573871,573872,573873,573875,572990,572989,572988,631272,631271,631270,631269,631268,631267,631266,631265,631264,631263,631262,631261,631260,631273,631259,631257,631256,631255,631254,631253,631252,631251,631250,631249,631248,631247,631246,631245,631258,631274,631275,631276,631305,631304,631303,631302,631301,631300,631299,631298,631297,631296,631295,631294,631293,631292,631291,631290,631289,631288,631287,631286,631285,631284,631283,631282,631281,631280,631279,631278,631277,631244,631306,631243,631241,572832,572833,572834,572835,572836,572837,572838,572839,572840,572841,572842,572843,572844,572831,572845,572847,572848,572849,572850,572851,572852,572853,572854,572855,572856,572857,572858,572859,572846,572830,582175,582176,631240,631239,631238,631237,631236,631235,631234,631233,631232,631231,631230,631229,631228,631227,631226,631225,631224,631223,631222,631221,582185,582184,582183,582182,582181,582180,582179,582178,582177,631242,631307,631308,631309,571987,571988,571989,571990,582189,582188,582187,582186,571991,571992,334334,334335,334336,571986,334337,334339,334340,334341,334342,334343,334344,631371,631370,631369,631368,631367,631366,571993,334338,571985,571984,571983,571954,571955,571956,571957,571958,571959,571960,571961,571962,571963,571964,571965,571966,571967,571968,571969,571970,571971,571972,571973,571974,571975,571976,571977,571978,571979,571980,571981,571982,571994,571995,571996,571997,631344,631343,631342,631335,631334,631333,631332,631331,631330,631329,631328,631327,631326,631325,631324,631323,631322,631321,631320,631319,631318,631317,631316,631315,631314,631313,631312,631311,631310,631345,572860,631346,631348,571998,571999,572000,572001,572002,572003,572004,572005,572006,572007,572008,572009,631365,631364,631363,631362,631361,631360,631359,631358,631357,631356,631355,631354,631353,631352,631351,631350,631349,631347,571952,572861,572863,630296,630295,630294,630293,630292,630291,630290,630289,630288,630287,630286,630285,630284,630297,630283,630281,630280,630279,630278,630277,630276,630275,630274,630273,630272,582164,582163,582162,630282,630298,630299,630300,582174,582173,582172,572965,572966,572967,572968,572969,572970,572971,572972,630311,630310,630309,630308,630307,630306,630305,582171,582170,582169,582168,582167,582166,582165,630304,630303,630302,630301,630271,572964,630270,630268,630244,630243,630242,630241,630240,630239,630238,630237,630236,630235,630234,630233,630232,572982,630231,630229,630228,630227,630226,630225,630224,630223,630222,572983,572984,572985,572986,572987,630230,572981,572980,572979,630267,630266,630265,630264,630263,630262,630261,630260,630259,630258,630257,630256,630255,630254,630253,630252,630251,630250,630249,630248,630247,630246,630245,572973,572974,572975,572976,572977,572978,630269,572963,572962,572961,572897,572898,572899,572900,572901,572902,572903,572904,572905,572906,572907,572908,572909,572896,572910,572912,572913,572914,572915,572916,572917,572918,572919,572920,572921,572922,572923,572924,572911,572895,572894,572893,572864,572865,572866,572867,572868,572869,572870,572871,572872,572873,572874,572875,572876,572877,572878,572879,572880,572881,572882,572883,572884,572885,572886,572887,572888,572889,572890,572891,572892,572925,572926,572927,572928,630332,630331,630330,630329,630328,630327,630326,630325,630324,630323,630322,630321,630320,630319,630318,572947,572948,572949,572950,572951,572952,572953,572954,572955,572956,572957,572958,572959,572960,630333,572862,630334,630336,572929,572930,572931,572932,572933,572934,572935,572936,572937,572938,572939,572940,572941,572942,572943,572944,572945,572946,630347,630346,630345,630344,630343,630342,630341,630340,630339,630338,630337,630335,374324,374325,374326,638489,638488,638487,638486,638485,638484,638483,638482,638481,638480,638479,638478,638477,638490,638476,638474,638473,638472,638471,638470,638469,638468,638467,638466,638465,638464,638463,638462,638475,638491,638492,638493,638532,638531,638530,638529,329224,329225,329226,638522,638521,638520,638519,638518,638517,638516,638515,638514,638506,638505,638504,638503,638502,638501,638500,638499,638498,638497,638496,638495,638494,638461,638533,638460,638458,638424,638423,638422,638421,638420,638419,638418,638417,638416,638415,638414,638413,638412,638425,638411,638409,638408,638407,638406,638405,638404,638403,638391,638390,638389,638388,638387,638386,638410,638426,638427,638428,638457,638456,638455,638454,638453,638452,638451,638450,638449,638448,638447,638446,638445,638444,638443,638442,638441,638440,638439,638438,638437,638436,638435,638434,638433,638432,638431,638430,638429,638459,638385,638534,638536,566825,566826,566827,566828,566829,566830,566831,566832,566833,566834,566835,566836,566837,566824,566838,583086,583085,583084,583083,583082,583081,583080,583079,583078,583077,583076,566839,566840,583087,566823,566822,566821,566792,566793,566794,566795,566796,566797,566798,566799,566800,566801,566802,566803,566804,566805,566806,566807,566808,566809,566810,566811,566812,566813,566814,566815,566816,566817,566818,566819,566820,566841,638535,566842,583075,566876,566877,566878,366174,366175,566879,566880,566881,566882,566883,566884,566885,566886,566875,566887,366177,366178,329216,329217,329218,329219,329220,329221,329222,329223,638539,638538,638537,366176,566874,566873,566872,583074,566844,566845,566846,566847,566848,566849,566850,566851,566852,566853,566854,566855,566856,566857,566858,566859,566860,566861,566862,566863,566864,566865,566866,566867,566868,566869,566870,566871,566843,638384,638383,638382,567829,637482,637481,637480,637479,637478,637477,637476,637475,637474,637473,637472,637471,567828,637470,637468,637467,637466,637465,637464,637463,637462,637461,637460,637459,637458,637457,637456,637469,567827,567826,567825,637509,637508,637507,637506,637505,567810,567811,567812,567813,567814,567815,567816,567817,567818,567819,567820,567821,567822,637498,637497,637496,637495,637494,637493,637492,637491,637490,567823,567824,637455,637510,637454,567830,567847,567848,567849,567850,567851,567852,567853,637435,637434,637433,637432,637431,637430,567846,567854,567856,567857,637429,637428,637427,637426,637425,637424,637423,637422,637421,637420,637419,567855,567845,567844,567843,567831,567832,567833,567834,567835,567836,567837,637452,637451,637450,637449,637448,637447,637446,637445,637444,637443,637442,637441,567838,567839,567840,637440,637439,637438,637437,637436,567841,567842,637453,637511,567809,567808,567730,567731,567732,567733,567734,567735,567736,567737,567738,567739,567740,567741,567742,567729,582243,567744,567745,567746,567747,567748,567749,567750,567751,567752,567753,637515,637514,637513,567743,567728,567727,567726,567692,567693,567694,567695,366179,567696,567697,366180,366181,567698,567699,567700,567701,567710,567711,567712,567713,567714,567715,567716,567717,567718,567719,567720,567721,567722,567723,567724,567725,637512,567754,567755,567756,567779,567780,567781,567782,567783,567784,567785,567786,567787,567788,567789,567790,567791,567792,567793,567794,567795,567796,567797,567798,567799,567800,567801,567802,567803,567804,567805,567806,567807,567778,566791,567777,567775,582242,582241,582238,582237,582236,582235,582234,615844,615845,615846,615847,567757,567758,567759,567760,567761,567762,567763,567764,567765,567766,567767,567768,567769,567770,567771,567772,567773,567774,567776,566790,566789,566788,639556,639555,639554,639553,639552,639551,639550,639549,639548,639547,639546,639545,639544,639557,639543,639541,639540,639539,639538,639531,639530,639529,639528,639527,639526,639525,639524,639523,639542,639558,639559,639560,583114,583113,583112,583111,583110,583109,583108,583107,328198,328199,328200,328201,328202,583106,583105,583104,583103,583102,583101,583100,583099,583098,583097,583096,639565,639564,639563,639562,639561,639522,583115,639521,639519,639485,639484,639483,639482,639481,639480,639479,376438,376437,376436,376435,376434,376433,639486,376432,639477,639476,639475,639474,639473,639472,639471,639470,639469,639468,639467,639466,639465,639478,639487,639488,639489,639518,639517,639516,639515,639514,639513,639512,639511,639510,639509,639508,639507,639506,639505,639504,639503,639502,639501,639500,639499,639498,639497,639496,639495,639494,639493,639492,639491,639490,639520,328197,328196,328195,583125,583124,583123,583122,565784,565785,565786,565787,565788,565789,565790,565791,565792,583126,565793,565795,565796,565797,565798,565799,565800,565801,565802,565803,565804,565805,565806,565807,565794,583127,583128,583129,565758,565759,565760,565761,565762,565763,565764,565765,565766,565767,565768,565769,565770,565771,565772,565773,565774,565775,565776,565777,565778,565779,565780,565781,565782,565783,583132,583131,583130,565808,565809,565810,565811,565845,565846,565847,565848,565849,565850,565851,565852,565853,565854,565855,565856,565857,565858,565859,565860,565861,565862,565863,565864,583121,583120,583119,583118,583117,583116,328192,328193,328194,565844,639464,565843,565841,565812,565813,565814,565815,565816,565817,565818,565819,565820,565821,565822,565823,565824,565825,565826,565827,565828,565829,565830,565831,565832,565833,565834,565835,565836,565837,565838,565839,565840,565842,637418,639463,639461,566695,566696,566697,566698,566699,566700,566701,566702,566703,566704,566705,566706,566707,566694,566708,566710,566711,566712,566713,566714,566715,566716,566717,566718,566719,566720,566721,566722,566709,566693,566692,566691,345604,345581,345580,376281,376280,376279,376278,376277,376276,376275,376274,345579,345578,345577,345576,345575,566669,566670,566671,566672,566673,566674,566675,566676,566677,566687,566688,566689,566690,566723,345605,566724,566726,566760,566761,566762,566763,566764,566765,566766,566767,566768,566769,566770,566771,566772,566759,566773,566775,566776,566777,566778,566779,566780,566781,566782,566783,566784,566785,566786,566787,566774,566758,566757,566756,566727,566728,566729,566730,566731,566732,566733,566734,566735,566736,566737,566738,566739,566740,566741,566742,566743,566744,566745,566746,566747,566748,566749,566750,566751,566752,566753,566754,566755,566725,345606,345607,345608,639427,639426,639416,639415,639414,639413,376431,376430,376429,376428,376427,376426,639406,639428,639405,376424,376423,376422,376421,376420,376419,376418,376417,376416,376379,376378,376377,376376,376425,639429,639430,639431,639460,639459,639458,639457,639456,639455,639454,639453,639452,639451,639450,639449,639448,639447,639446,639445,639444,639443,639442,639441,639440,639439,639438,639437,639436,639435,639434,639433,639432,376375,376374,583095,583094,376333,376332,376331,376330,376329,376328,376327,376326,376325,376324,376323,376322,376321,376320,376319,376318,376317,376316,376315,376314,376313,345616,345615,345614,345613,345612,345611,345610,345609,376334,639462,376335,376337,583093,583092,583091,583090,376373,376372,376371,376370,376369,376368,376367,376366,583089,583088,345620,345619,345618,345617,376365,376364,376363,376362,376361,376343,376342,376341,376340,376339,376338,376336,567858,567859,567860,635409,635408,635407,635406,635405,635404,635403,635402,635401,635400,635399,635398,635397,635410,635396,635394,635393,635392,635391,635390,635389,635388,635387,635386,635385,635384,635383,374391,635395,635411,635412,635413,635449,635448,635447,635446,635445,635444,635443,635442,635441,635440,635432,635431,635430,635429,635428,635427,635426,635425,635424,635423,635422,635421,635420,635419,635418,635417,635416,635415,635414,374390,635450,374389,374387,615943,615944,615945,615946,615947,635363,635362,635361,635360,635359,635358,635357,635356,615942,635355,635353,635352,635351,635350,635349,635348,635347,635346,635345,635344,635343,635342,635341,635354,615941,615940,615939,374386,374385,374384,374383,374382,374381,374380,374379,635382,635381,635380,635379,635378,635377,635376,635375,635374,635373,635372,635371,635370,635369,635368,635367,635366,635365,635364,615937,615938,374388,635451,635452,635453,568888,568889,568890,568891,568892,568893,568894,568895,568896,568897,568898,568899,568900,568887,568901,568903,568904,568905,568906,568907,568908,568909,568910,568911,568912,568913,568914,568915,568902,568886,568885,568884,568855,568856,568857,568858,568859,568860,568861,568862,568863,568864,568865,568866,568867,568868,568869,568870,568871,568872,568873,568874,568875,568876,568877,568878,568879,568880,568881,568882,568883,568916,568917,568918,568919,635467,635466,615922,615923,615924,615925,615926,615927,615928,615929,615930,615931,615932,615933,615934,615935,615936,635465,635464,635463,635462,635461,635460,635459,635458,635457,635456,635455,635454,331274,635340,331273,331271,568920,568921,568922,568923,568924,568925,568926,568927,568928,568929,568930,568931,568932,568933,568934,568935,615917,615918,615919,615920,615921,331263,331264,331265,331266,331267,331268,331269,331270,331272,568854,635339,635337,569880,569881,569882,569883,569884,615967,615968,615969,615970,615971,615972,615973,615974,569879,615975,569885,569886,569887,569888,569889,569890,569891,569892,569893,569894,569895,569896,569897,615976,569878,569877,569876,569866,569867,569868,569869,569870,569871,569872,615948,615949,615950,615951,615952,615953,615954,615955,615956,615957,615958,615959,615960,615961,615962,615963,615964,615965,615966,569873,569874,569875,569898,569865,569899,569901,569935,569936,569937,569938,569939,569940,569941,569942,569943,569944,569945,569946,569947,569934,569948,569950,569951,569952,569953,569954,569955,569956,569957,569958,569959,374329,374328,374327,569949,569933,569932,569931,569902,569903,569904,569905,569906,569907,569908,569909,569910,569911,569912,569913,569914,569915,569916,569917,569918,569919,569920,569921,569922,569923,569924,569925,569926,569927,569928,569929,569930,569900,569864,569863,569862,569768,569769,569770,569771,569772,569773,569774,569775,569776,569777,569778,569779,569780,569767,569781,569783,569784,569785,569786,569787,569788,569789,569790,569791,569792,569793,569794,569795,569782,569766,569765,569764,635336,635335,635334,635333,635332,635331,635320,635319,635318,635317,635316,374378,374377,374376,374375,374374,374373,374372,374371,374370,374369,569742,569743,569758,569759,569760,569761,569762,569763,569796,569797,569798,569799,569833,569834,569835,569836,569837,569838,569839,569840,569841,569842,569843,569844,569845,569846,569847,569848,569849,569850,569851,569852,569853,569854,569855,569856,569857,569858,569859,569860,569861,569832,635338,569831,569829,569800,569801,569802,569803,569804,569805,569806,569807,569808,569809,569810,569811,569812,569813,569814,569815,569816,569817,569818,569819,569820,569821,569822,569823,569824,569825,569826,569827,569828,569830,628281,568853,568851,375314,375313,375312,375311,375310,375309,375308,375307,375306,375305,375304,375303,375302,375315,375301,375299,375298,615870,615871,615872,615873,615874,615875,615876,615877,615878,615879,615880,375300,375316,375317,375337,375403,375402,375401,375400,375399,375398,375397,375396,375395,375394,375393,375392,375354,375353,375352,375351,375350,375349,375348,375347,375346,375345,375344,375343,375342,375341,375340,375339,375338,615881,375404,615882,375296,375251,375250,375249,636491,636490,636489,636488,636487,636486,636485,636484,636483,636482,375252,636481,636473,636472,636471,636470,636469,636468,636467,636466,636465,636457,636456,636455,636454,636474,375253,375254,375255,375295,375294,375293,375292,375291,375290,375289,375288,615883,615884,375276,375275,375274,330240,330241,330242,330243,375273,330244,330245,330246,330247,330248,330249,330250,375259,375258,375257,375256,375297,375405,375406,375407,567888,567889,567890,567891,567892,567893,567894,567895,567896,567897,567898,567899,567900,567887,637411,637409,637408,637407,637406,637405,637404,637403,637402,637401,637400,637399,637398,637397,637410,567886,567885,567884,567861,567862,567863,567864,567865,567866,567867,637417,637416,637415,637414,637413,637412,567868,567869,567870,567871,567872,567873,567874,567875,567876,567877,567878,567879,567880,567881,567882,567883,637396,637395,637394,615848,637381,637380,637379,637367,637366,637365,637364,637363,637362,637361,637360,567901,567902,567903,567904,567905,567906,567907,567908,567909,567910,567911,375414,375413,375412,375411,375410,375409,375408,637382,636453,637383,637385,615849,582233,582232,582231,582230,582229,582228,582227,582226,637393,637392,637391,637390,637389,637388,637387,637386,615858,615859,615860,615861,615862,615863,615864,615865,615866,615867,615868,615869,637384,568852,636452,636450,568758,568759,568760,568761,568762,568763,568764,568765,568766,568767,568768,568769,568770,615916,568771,568773,568774,568775,568776,568777,568778,568779,568780,568781,568782,568783,568784,568785,568772,615915,615914,615913,568737,568738,568739,568740,568741,568742,568743,568744,568745,568746,568747,568748,568749,568750,568751,568752,568753,568754,568755,568756,568757,615905,615906,615907,615908,615909,615910,615911,615912,568786,568736,568787,568789,568823,568824,568825,568826,568827,568828,568829,568830,568831,568832,568833,568834,568835,568822,568836,568838,568839,568840,568841,568842,568843,568844,568845,568846,568847,568848,568849,568850,568837,568821,568820,568819,568790,568791,568792,568793,568794,568795,568796,568797,568798,568799,568800,568801,568802,568803,568804,568805,568806,568807,568808,568809,568810,568811,568812,568813,568814,568815,568816,568817,568818,568788,568735,568734,568724,636425,636424,636423,636422,636421,636420,636419,615894,615895,615896,615897,615898,615899,636426,615900,615902,615903,615904,636418,636417,636416,636415,636414,636413,636412,636411,636410,636409,615901,636427,636428,636429,636449,636448,636447,636446,636445,636444,636443,636442,636441,636440,615885,615886,615887,615888,615889,615890,615891,615892,615893,636439,636438,636437,636436,636435,636434,636433,636432,636431,636430,636408,636407,636406,636405,636371,636370,636369,636368,636367,636366,636365,636364,636363,636362,636361,636360,636359,636358,636357,636356,636343,636342,636341,636340,636339,568716,568717,568718,568719,568720,568721,568722,568723,636372,636451,636373,636375,636404,636403,636402,636401,636400,636399,636398,636397,636396,636395,636394,636393,636392,636391,636390,636389,636388,636387,636386,636385,636384,636383,636382,636381,636380,636379,636378,636377,636376,636374,628280,628279,628278,620030,620029,620028,620027,620026,620025,620024,620023,620022,620021,620020,620019,620018,620031,620017,620015,620014,620013,620012,620011,620010,620009,620008,620007,620006,620005,620004,620003,620016,620032,620033,620034,620063,620062,620061,620060,620059,620058,620057,620056,620055,620054,620053,620052,620051,620050,620049,620048,620047,620046,620045,620044,620043,620042,620041,620040,620039,620038,620037,620036,620035,620002,620064,620001,619999,619965,619964,619963,619962,619961,619960,619959,619958,619957,619956,619955,579078,579079,619966,579080,579082,579083,579084,579085,579086,579087,579088,579089,579090,579091,579092,579093,579094,579081,619967,619968,619969,619998,619997,619996,619995,619994,619993,619992,619991,619990,619989,619988,619987,619986,619985,619984,619983,619982,619981,619980,619979,619978,619977,619976,619975,619974,619973,619972,619971,619970,620000,579095,620065,579077,620128,620127,620126,620125,620124,620123,620122,620121,620120,620119,620118,620117,620116,620129,620115,620113,620112,620111,620110,620109,620108,620107,579046,579047,579048,579049,579050,579051,620114,620130,620131,620132,579023,579024,579025,579026,579027,579028,579029,579030,579031,579032,579033,579034,579035,579036,579037,579038,579039,579040,579041,579042,579043,579044,579045,620138,620137,620136,620135,620134,620133,620106,620066,620105,620103,579064,620081,620080,620079,620078,620077,620076,620075,620074,620073,620072,620071,620070,579063,620069,620067,579065,579066,579067,579068,579069,579070,579071,579072,579073,579074,579075,579076,620068,579062,579061,579060,620102,620101,620100,620099,620098,620097,620096,620095,620094,620093,620092,620091,620090,620089,620088,620087,620086,620085,620084,620083,620082,579052,579053,579054,579055,579056,579057,579058,579059,620104,579096,579097,579098,619111,619110,619109,619108,619107,619106,619105,619104,619103,619102,619101,619100,619099,619112,619098,619096,619095,619094,619093,619092,619091,619090,619089,619088,619087,619086,619085,619084,619097,619113,619114,580001,368097,368096,368095,368094,368093,368092,368091,368090,368089,368088,368087,368086,368085,368084,368083,368082,368081,368080,368079,368078,368077,368076,368075,368074,368073,368072,368071,368070,368069,619083,368098,619082,619080,580013,580014,580015,619057,619056,619055,619054,619053,619052,619051,619050,619049,619048,580012,619047,619045,619044,619043,619042,619041,619040,619039,619038,619037,619036,619035,619034,619033,619046,619058,619059,619060,619079,619078,619077,619076,619075,619074,619073,619072,619071,619070,619069,619068,619067,619066,619065,580002,580003,580004,580005,580006,580007,580008,580009,580010,580011,619064,619063,619062,619061,619081,368099,368100,368101,579132,579133,579134,579135,579136,579137,579138,579139,579140,579141,579142,579143,579144,579131,579145,579147,579148,579149,579150,579151,579152,579153,579154,579155,579156,579157,579158,579159,579146,579130,579129,579128,579099,579100,579101,579102,579103,579104,579105,579106,579107,579108,579109,579110,579111,579112,579113,579114,579115,579116,579117,579118,579119,579120,579121,579122,579123,579124,579125,579126,579127,579160,579161,579162,579163,368228,368227,368226,368225,368175,368174,368173,368172,368171,368170,368163,368162,368161,368160,368159,368158,368157,368156,368155,368117,368116,368115,368114,368107,368106,368105,368104,368103,368102,368229,579022,368231,368233,579164,579165,579166,579167,579168,579169,579170,579171,579172,579173,579174,579175,579176,579177,579178,579179,579180,579181,579182,368243,368242,368241,368240,368239,368238,368237,368236,368235,368234,368232,579021,579020,579019,578129,578130,578131,578132,578133,578134,578135,578136,578137,578138,578139,578140,578141,578128,578142,578144,578145,578146,578147,578148,578149,578150,578151,578152,578153,578154,578155,578156,578143,578127,578126,578125,578096,578097,578098,578099,578100,578101,578102,578103,578104,578105,578106,578107,578108,578109,578110,578111,578112,578113,578114,578115,578116,578117,578118,578119,578120,578121,578122,578123,578124,578157,341511,578158,369269,621161,621160,621159,621158,621157,621156,621155,621154,621153,621152,621151,621150,621149,621162,621148,621146,621145,621144,621143,621142,621141,621140,621139,621138,621137,621136,621135,621134,621147,369184,369185,369186,369268,369267,369266,369265,369264,369263,369262,369261,369260,369259,369258,369257,369256,369255,369254,369253,369252,369251,369250,369249,369195,369194,369193,369192,369191,369190,369189,369188,369187,578159,341510,341509,341508,578007,578008,578009,578010,578011,578012,578013,578014,578015,578016,578017,578018,578019,578006,578020,578022,578023,578024,578025,578026,578027,578028,578029,578030,578031,578032,578033,578034,578021,578005,578004,578003,577974,577975,577976,577977,577978,577979,577980,577981,577982,577983,577984,577985,577986,577987,577988,577989,577990,577991,577992,577993,577994,577995,577996,577997,577998,577999,578000,578001,578002,578035,578036,578037,578038,578072,578073,578074,578075,578076,578077,578078,578079,578080,578081,578082,578083,578084,578085,578086,578087,578088,578089,578090,578091,578092,578093,578094,578095,341503,341504,341505,341506,341507,578071,621133,578070,578068,578039,578040,578041,578042,578043,578044,578045,578046,578047,578048,578049,578050,578051,578052,578053,578054,578055,578056,578057,578058,578059,578060,578061,578062,578063,578064,578065,578066,578067,578069,619032,621132,621130,621001,621000,620999,369112,369111,369110,369109,369108,369107,369106,369105,369104,369103,621002,369102,620998,620997,620996,620995,620994,620993,620992,620991,620990,620989,620988,620987,620986,369101,621003,369113,369114,621022,621021,621020,621019,621018,621017,621016,621015,621014,621013,621012,621011,621010,621009,369124,369123,369122,369121,369120,621008,621007,621006,621005,621004,369119,369118,369117,369116,369115,620985,621023,620984,620982,579000,579001,579002,579003,579004,579005,579006,579007,579008,579009,342527,342528,342529,578999,342530,342532,342533,342534,342535,579010,579011,579012,579013,579014,579015,579016,579017,579018,342531,578998,578997,578996,620981,620980,369100,369099,369098,369097,369096,369095,369094,578976,578977,578978,578979,578980,578981,578982,578983,578984,578985,578986,578987,578988,578989,578990,578991,578992,578993,578994,578995,620983,621024,621025,621026,621112,621111,621110,621109,621108,621107,621106,621105,621104,621103,621102,621101,621100,621113,621099,621097,621096,621095,621094,621093,621092,621091,621090,621089,369132,369131,369130,369129,621098,621114,621115,621116,621129,621128,621127,621126,621125,621124,621123,621122,621121,621120,621119,621118,369183,369182,369181,369180,369168,369167,369166,369165,369164,369163,369142,369141,369140,369139,369138,369137,621117,369128,369127,369126,369125,621055,621054,621053,621052,621051,621050,621049,621048,621047,621046,621045,621044,621043,621042,621041,621040,621039,621038,621037,621036,621035,621034,621033,621032,621031,621030,621029,621028,621027,621056,621131,621057,621059,621088,621087,621086,621085,621084,621083,621082,621081,621080,621079,621078,621077,621076,621075,621074,621073,621072,621071,621070,621069,621068,621067,621066,621065,621064,621063,621062,621061,621060,621058,619031,619030,619029,344553,344554,344578,344579,344580,344581,344582,344583,344588,344589,344590,344591,344592,344552,344593,367215,367214,367213,367212,367211,367210,367209,367208,367205,367204,367203,367202,367201,367216,581225,581224,581223,581194,581195,581196,581197,581198,581199,581200,581201,581202,581203,581204,581205,581206,581207,581208,581209,581210,581211,581212,581213,581214,581215,581216,581217,581218,581219,581220,581221,581222,367200,581193,617066,617064,617031,617030,617029,617028,617027,617026,617025,367150,367149,367148,367147,617024,617023,617032,617022,617020,617019,617018,617017,617016,617015,617014,617013,617012,617011,617010,617009,617008,617021,617033,617034,617035,617063,617062,617061,617060,617059,617058,617057,617056,617055,617054,617053,617052,617051,617050,617049,617048,617047,617046,367151,617045,617044,617043,617042,617041,617040,617039,617038,617037,617036,617065,581192,581191,581190,581096,581097,581098,581099,581100,581101,581102,581103,581104,581105,581106,581107,581108,581095,581109,581111,581112,581113,581114,581115,581116,581117,581118,581119,581120,581121,581122,581123,581110,581094,581093,581092,581063,581064,581065,581066,581067,581068,581069,581070,581071,581072,581073,581074,581075,581076,581077,581078,581079,581080,581081,581082,581083,581084,581085,581086,581087,581088,581089,581090,581091,581124,581125,581126,581127,581161,581162,581163,581164,581165,581166,581167,581168,581169,581170,581171,581172,581173,581174,581175,581176,581177,581178,581179,581180,581181,581182,581183,581184,581185,581186,581187,581188,581189,581160,617007,581159,581157,581128,581129,581130,581131,581132,581133,581134,581135,581136,581137,581138,581139,581140,581141,581142,581143,581144,581145,581146,581147,581148,581149,581150,581151,581152,581153,581154,581155,581156,581158,581062,367137,367135,367051,367050,367049,367048,367047,367046,367045,616882,616873,616872,616871,616870,616869,367052,582049,582051,582052,582053,582054,582055,582056,582057,582058,582059,582060,582061,582062,582063,582050,367053,367054,367055,367091,367090,367082,367081,367080,367079,367078,367077,367076,367075,367074,367073,367072,367071,367070,367069,367068,367067,367066,367065,367064,367063,367062,367061,367060,367059,367058,367057,367056,582064,616883,582065,582067,582101,582102,582103,582104,582105,582106,582107,582108,582109,582110,582111,582112,582113,582100,582114,582116,582117,582118,582119,582120,582121,582122,582123,582124,582125,582126,582127,582128,582115,582099,582098,582097,582068,582069,582070,582071,582072,582073,582074,582075,582076,582077,582078,582079,582080,582081,582082,582083,582084,582085,582086,582087,582088,582089,582090,582091,582092,582093,582094,582095,582096,582066,616884,616885,616886,616980,616979,616978,616977,616976,616975,616974,616973,616972,616971,616970,616969,616968,616981,616967,616965,616964,616963,616962,616961,616960,616959,616958,616957,616956,616955,616954,616953,616966,616982,616983,616984,367134,367133,367132,367131,367130,367129,367092,617006,617005,617004,617003,617002,617001,617000,616999,616998,616997,616996,616995,616994,616993,616992,616991,616990,616989,616988,616987,616986,616985,616952,616951,616950,616949,616915,616914,616913,616912,616911,616910,616909,616908,616907,616906,616905,616904,616903,616902,616901,616900,616899,616898,616897,616896,616895,616894,616893,616892,616891,616890,616889,616888,616887,616916,367136,616917,616919,616948,616947,616946,616945,616944,616943,616942,616941,616940,616939,616938,616937,616936,616935,616934,616933,616932,616931,616930,616929,616928,616927,616926,616925,616924,616923,616922,616921,616920,616918,577973,581061,581059,580081,580082,580083,580084,580085,580086,580087,580088,580089,580090,580091,580092,580093,580080,580094,580096,580097,580098,580099,580100,580101,580102,580103,580104,580105,580106,580107,580108,580095,580079,580078,580077,580048,580049,580050,580051,580052,580053,580054,580055,580056,580057,580058,580059,580060,580061,580062,580063,580064,580065,580066,580067,580068,580069,580070,580071,580072,580073,580074,580075,580076,580109,580047,580110,580112,580146,580147,580148,580149,580150,580151,580152,580153,580154,580155,580156,343552,343553,580145,343554,343556,343557,343558,343559,580157,580158,580159,580160,580161,580162,580163,580164,580165,343555,580144,580143,580142,580113,580114,580115,580116,580117,580118,580119,580120,580121,580122,580123,580124,580125,580126,580127,580128,580129,580130,580131,580132,580133,580134,580135,580136,580137,580138,580139,580140,580141,580111,580046,580045,580044,619000,618999,618998,618997,618996,618995,618994,618993,618992,618991,618990,618989,618988,619001,618987,618985,618984,618983,618982,618981,618980,618979,618978,618977,618976,618975,618974,618973,618986,619002,619003,619004,619028,580016,580017,580018,580019,580020,619027,619026,619025,619024,619023,619022,619021,619020,619019,619018,619017,619016,619015,619014,619013,619012,619011,619010,619009,619008,619007,619006,619005,618972,618971,618970,618969,618935,618934,618933,618932,618931,618930,580021,580022,580023,580024,580025,580026,580027,580028,580029,580030,580031,580032,580033,580034,580035,580036,580037,580038,580039,580040,580041,580042,580043,618936,580166,618937,618939,618968,618967,618966,618965,618964,618963,618962,618961,618960,618959,618958,618957,618956,618955,618954,618953,618952,618951,618950,618949,618948,618947,618946,618945,618944,618943,618942,618941,618940,618938,581060,580167,580169,617961,617960,617959,617958,617957,617956,617955,617954,617953,617952,617951,617950,617949,617962,617948,617946,617945,617944,617943,617942,617941,617940,617939,617938,617937,617936,617935,617934,617947,617963,617964,617965,617994,617993,617992,617991,617990,617989,617988,617987,617986,617985,617984,617983,617982,617981,617980,617979,617978,617977,617976,617975,617974,617973,617972,617971,617970,617969,617968,617967,617966,617933,617995,617932,617930,581031,581032,581033,581034,581035,581036,581037,581038,581039,581040,581041,581042,581043,581030,581044,581046,581047,581048,581049,581050,581051,581052,581053,581054,581055,581056,581057,581058,581045,581029,581028,581027,617929,617928,617927,617926,617925,617924,617923,617922,617921,617920,617919,617918,617917,617916,617915,617914,617913,617912,617911,617910,617909,617908,617907,617906,617896,617895,617894,581025,581026,617931,617996,617997,617998,580203,580204,618090,618089,618088,618087,618086,618085,618084,618083,618082,618081,618080,580202,618079,618077,618076,618075,618074,618073,618072,618071,618070,618069,618068,618067,618066,618065,618078,580201,580200,580199,580170,580171,580172,580173,580174,580175,580176,580177,580178,580179,580180,580181,580182,580183,580184,580185,580186,580187,580188,580189,580190,580191,580192,580193,580194,580195,580196,580197,580198,618064,618063,618062,618061,618027,618026,618025,618024,618023,618022,618021,618020,618019,618018,618017,618016,618015,618014,618013,618012,618011,618010,618009,618008,618007,618006,618005,618004,618003,618002,618001,618000,617999,618028,580168,618029,618031,618060,618059,618058,618057,618056,618055,618054,618053,618052,618051,618050,618049,618048,618047,618046,618045,618044,618043,618042,618041,618040,618039,618038,618037,618036,618035,618034,618033,618032,618030,565757,577972,577970,626244,626243,626242,626241,626240,626239,626238,626237,626236,626235,626234,626233,626232,626245,626231,626229,626228,626227,626226,626225,626224,626223,626222,626221,626220,626219,626218,626217,626230,626246,626247,626248,575069,575070,575071,575072,575073,575074,575075,575076,575077,575078,575079,575080,575081,575082,575083,575084,626267,626266,626265,626264,626263,626262,626261,626260,626253,626252,626251,626250,626249,626216,575068,626215,626213,626179,626178,626177,626176,626175,626174,626173,626172,626171,626170,626169,626168,626167,626180,626166,626164,626163,626162,626161,626160,626159,626158,626157,626156,626155,626154,626153,626152,626165,626181,626182,626183,626212,626211,626210,626209,626208,626207,626206,626205,626204,626203,626202,626201,626200,626199,626198,626197,626196,626195,626194,626193,626192,626191,626190,626189,626188,626187,626186,626185,626184,626214,626151,575067,575065,574975,574976,574977,582134,582133,574978,574979,574980,582132,574981,574982,574983,574984,574974,574985,574987,574988,574989,574990,574991,574992,574993,574994,574995,574996,574997,574998,574999,574986,574973,574972,574971,574942,574943,574944,574945,574946,574947,574948,574949,574950,574951,574952,574953,574954,574955,574956,574957,574958,574959,574960,574961,574962,574963,574964,574965,574966,574967,574968,574969,574970,575000,575066,575001,575003,575037,575038,575039,575040,575041,575042,575043,575044,575045,575046,575047,575048,575049,575036,575050,575052,575053,575054,575055,575056,575057,575058,575059,575060,575061,575062,575063,575064,575051,575035,575034,575033,575004,575005,575006,575007,575008,575009,575010,575011,575012,575013,575014,575015,575016,575017,575018,575019,575020,575021,575022,575023,575024,575025,575026,575027,575028,575029,575030,575031,575032,575002,626150,626149,626148,625137,625136,625135,625134,625133,625132,625131,625130,625129,625128,625127,625126,625125,625138,625124,625122,625121,625120,625119,625118,625117,625116,625115,625114,625113,625112,625111,625110,625123,625139,625140,625141,625170,625169,625168,625167,625166,625165,625164,625163,625162,625161,625160,625159,625158,625157,625156,625155,625154,625153,625152,625151,625150,625149,625148,625147,625146,625145,625144,625143,625142,625109,625171,625108,625106,625086,625085,625084,625083,625082,625081,625080,625079,625078,625077,575918,575919,575920,625087,575921,575923,575924,575925,575926,575927,575928,575929,575930,575931,575932,575933,575934,575935,575922,625088,625089,625090,625105,625104,625103,625102,625101,625100,625099,625098,625097,625096,575904,575905,575906,575907,575908,575909,575910,575911,575912,575913,575914,575915,575916,575917,625095,625094,625093,625092,625091,625107,625172,625173,625174,626114,626113,626112,626111,582131,626110,626109,626108,626107,626106,626105,626104,626103,626115,626102,338429,338430,338431,338432,338433,338434,338435,338436,338437,338438,338439,338440,625244,626101,626116,626117,626118,626147,626146,626145,626144,626143,626142,626141,626140,626139,626138,626137,626136,626135,626134,626133,626132,626131,626130,626129,626128,626127,626126,626125,626124,626123,626122,626121,626120,626119,625243,625242,625241,625240,625203,625202,625201,625200,625199,625198,625197,625196,625195,625194,625193,625192,625191,625190,625189,625188,625187,625186,625185,625184,625183,625182,625181,625180,625179,625178,625177,625176,625175,625204,574941,625205,625207,625239,625238,625237,625236,625235,625231,625230,625229,625228,625227,625226,625225,625224,625223,625222,625221,625220,625219,625218,625217,625216,625215,625214,625213,625212,625211,625210,625209,625208,625206,574940,574939,574938,628172,628171,628170,628169,628168,628167,628166,628165,628164,628163,628162,628161,628160,628173,628159,628157,628156,628155,628154,628153,628152,628151,628150,628149,574056,574057,574058,371319,628158,628174,628175,628176,628205,628204,628203,628202,628201,628200,628199,628198,628197,628196,628195,628194,628193,628192,628191,628190,628189,628188,628187,628186,628185,628184,628183,628182,628181,628180,628179,628178,628177,371318,628206,371317,371315,371209,371208,371207,371206,371205,371204,371203,371202,371201,371197,371196,371195,371194,371210,371193,371191,371190,371189,371188,371187,371186,371180,371179,371178,371177,371176,371175,371174,371192,371211,371212,371213,371314,371313,371312,371311,371310,371309,371308,371307,371306,371305,371304,371303,371302,371301,371300,371299,371298,371242,371241,371240,371218,371217,371216,582138,582137,582136,582135,371215,371214,371316,628207,628208,628209,628244,628243,628242,628241,628240,628239,628238,628237,574003,574004,574005,574006,574007,628245,574008,574010,574011,574012,574013,574014,574015,574016,574017,574018,574019,574020,574021,574022,574009,628246,628247,628248,628277,628276,628275,628274,628273,628272,628271,628270,628269,628268,628267,628266,628265,628264,628263,628262,628261,628260,628259,628258,628257,628256,628255,628254,628253,628252,628251,628250,628249,574023,574024,574025,582144,574054,574055,628236,628235,628234,628233,628232,628231,628230,628229,628228,628227,628226,628225,628224,628223,628222,628221,628220,628219,628218,628217,628216,628215,628214,628213,628212,628211,628210,574053,371173,574052,574050,574026,574027,574028,574029,574030,574031,582143,582142,582141,582140,582139,574032,574033,574034,574035,574036,574037,574038,574039,574040,574041,574042,574043,574044,574045,574046,574047,574048,574049,574051,575936,371172,371170,627163,627162,627161,627160,627159,627158,627157,627156,627155,627154,627153,627152,627151,627164,627150,627148,627147,627146,627145,627144,627143,627142,627141,627140,627139,627138,627137,627136,627149,627165,627166,627167,627196,627195,627194,627193,627192,627191,627190,627189,627188,627187,627186,627185,627184,627183,627182,627181,627180,627179,627178,627177,627176,627175,627174,627173,627172,627171,627170,627169,627168,627135,627197,627134,627132,574910,574911,574912,574913,574914,574915,574916,574917,574918,574919,574920,574921,574922,574909,574923,574925,574926,574927,574928,574929,574930,574931,574932,574933,574934,574935,574936,574937,574924,574908,574907,574906,627131,627130,627129,627128,627127,627126,627125,574884,574885,574886,574887,574888,574889,574890,574891,574892,574893,574894,574895,574896,574897,574898,574899,574900,574901,574902,574903,574904,574905,627133,627198,627199,627200,337406,337407,337408,337409,337410,627290,627289,627288,627287,627286,627285,337411,337412,337405,337413,337415,337416,627277,627276,627275,627274,627273,627272,627271,627270,627269,627268,627267,337414,574883,574882,574881,371169,371168,371167,371166,371165,371164,371163,371162,371161,371160,371159,371158,371157,371156,371155,371154,371153,371152,371151,371150,371149,371148,371147,371146,371145,371144,371143,371142,574880,627266,627265,627264,627263,627229,627228,627227,627226,627225,627224,627223,627222,627221,627220,627219,627218,627217,627216,627215,627214,627213,627212,627211,627210,627209,627208,627207,627206,627205,627204,627203,627202,627201,627230,371171,627231,627233,627262,627261,627260,627259,627258,627257,627256,627255,627254,627253,627252,627251,627250,627249,627248,627247,627246,627245,627244,627243,627242,627241,627240,627239,627238,627237,627236,627235,627234,627232,575937,575938,575939,623074,623073,623072,623071,623070,623069,623068,623067,623066,623065,623064,623063,623062,623075,623061,623059,623058,623057,577037,577038,623056,623055,623054,623053,623052,623051,623050,623049,623060,623076,623077,623078,623107,623106,623105,623104,623103,623102,623101,623100,623099,623098,623097,623096,623095,623094,623093,623092,623091,623090,623089,623088,623087,623086,623085,623084,623083,623082,623081,623080,623079,623048,623108,623047,623045,340483,340484,340485,340486,340487,577051,577052,577053,577054,577055,577056,577057,577058,340482,577059,577061,577062,577063,577064,577065,577066,577067,577068,577069,577070,577071,577072,577073,577060,340481,340480,340479,623044,623043,623042,623041,623040,623039,623038,623037,623036,623035,623034,623033,623032,623031,623030,623029,577039,577040,577041,577042,577043,577044,577045,577046,577047,577048,577049,577050,340478,623046,623109,623110,623111,623148,623147,623146,623145,623144,623143,623142,623141,623140,623139,623138,623137,623136,623149,623135,623133,623132,623131,623130,623129,623128,623127,623126,623125,623124,623123,623122,623121,623134,623150,623151,623152,623181,623180,623179,623178,623177,623176,623175,623174,623173,623172,623171,623170,623169,623168,623167,623166,623165,623164,623163,623162,623161,623160,623159,623158,623157,623156,623155,623154,623153,623120,576980,576981,576982,577016,577017,577018,577019,577020,577021,577022,577023,577024,577025,577026,577027,577028,577029,577030,577031,577032,577033,577034,577035,577036,623119,623118,623117,623116,623115,623114,623113,623112,577015,577074,577014,577012,576983,576984,576985,576986,576987,576988,576989,576990,576991,576992,576993,576994,576995,576996,576997,576998,576999,577000,577001,577002,577003,577004,577005,577006,577007,577008,577009,577010,577011,577013,623182,577075,577077,622079,622078,622077,622076,622075,622074,622073,622072,622071,622070,622069,622068,622067,622080,622066,622064,622063,622062,622061,622060,622059,622058,622057,622056,622055,622054,622053,622052,622065,622081,622082,622083,622112,622111,622110,622109,622108,622107,622106,622105,622104,622103,622102,622101,622100,622099,622098,622097,622096,622095,622094,622093,622092,622091,622090,622089,622088,622087,622086,622085,622084,622051,622113,622050,622048,622014,622013,622012,622011,622010,622009,622008,622007,622006,622005,577952,577953,577954,622015,577955,577957,577958,577959,577960,577961,577962,577963,577964,577965,577966,577967,577968,577969,577956,622016,622017,622018,622047,622046,622045,622044,622043,622042,622041,622040,622039,622038,622037,622036,622035,622034,622033,622032,622031,622030,622029,622028,622027,622026,622025,622024,622023,622022,622021,622020,622019,622049,622114,622115,622116,577111,577112,577113,577114,577115,577116,577117,577118,577119,577120,577121,577122,577123,577110,577124,577126,577127,577128,577129,577130,577131,577132,577133,577134,577135,622185,622184,622183,577125,577109,577108,577107,577078,577079,577080,577081,577082,577083,577084,577085,577086,577087,577088,577089,577090,577091,577092,577093,577094,577095,577096,577097,577098,577099,577100,577101,577102,577103,577104,577105,577106,622182,622181,622180,622179,622145,622144,622143,622142,622141,622140,622139,622138,622137,622136,622135,622134,622133,622132,622131,622130,622129,622128,622127,622126,622125,622124,622123,622122,622121,622120,622119,622118,622117,622146,577076,622147,622149,622178,622177,622176,622175,622174,622173,622172,622171,622170,622169,622168,622167,622166,622165,622164,622163,622162,622161,622160,622159,622158,622157,622156,622155,622154,622153,622152,622151,622150,622148,577971,623183,623185,576104,576105,576106,576107,576108,576109,576110,339453,339454,339455,339456,339457,339458,576103,339459,339461,339462,339463,370294,370293,370292,370291,624231,624230,624229,624228,624227,624226,339460,576102,576101,576100,576071,576072,576073,576074,576075,576076,576077,576078,576079,576080,576081,576082,576083,576084,576085,576086,576087,576088,576089,576090,576091,576092,576093,576094,576095,576096,576097,576098,576099,624225,576070,624224,624220,624205,624204,624203,624202,624201,624200,624199,624198,624197,624196,624195,624194,624193,624206,624192,624190,624189,624188,624187,624186,624185,624184,624183,624182,624181,624180,624179,624178,624191,624207,624208,370216,624219,624218,370290,370289,370288,370287,370286,370285,370284,370283,370282,370281,370280,370279,370278,370277,370276,624217,624216,624215,624214,624213,624212,624211,624210,370275,370274,370218,370217,624223,576069,576068,576067,575973,575974,575975,575976,575977,575978,575979,575980,575981,575982,575983,575984,575985,575972,575986,575988,575989,575990,575991,575992,575993,575994,575995,575996,575997,575998,575999,576000,575987,575971,575970,575969,575940,575941,575942,575943,575944,575945,575946,575947,575948,575949,575950,575951,575952,575953,575954,575955,575956,575957,575958,575959,575960,575961,575962,575963,575964,575965,575966,575967,575968,576001,576002,576003,576004,576038,576039,576040,576041,576042,576043,576044,576045,576046,576047,576048,576049,576050,576051,576052,576053,576054,576055,576056,576057,576058,576059,576060,576061,576062,576063,576064,576065,576066,576037,624177,576036,576034,576005,576006,576007,576008,576009,576010,576011,576012,576013,576014,576015,576016,576017,576018,576019,576020,576021,576022,576023,576024,576025,576026,576027,576028,576029,576030,576031,576032,576033,576035,623184,370215,370207,370136,370135,370134,370133,370132,370131,370130,370129,370128,370127,370126,370125,370124,370137,370123,370121,370120,370119,370118,576928,576929,576930,576931,576932,576933,576934,576935,576936,370122,370138,370139,370140,370172,370171,370170,370167,370166,370165,624055,624054,624053,370164,370163,370162,370161,370156,370155,370154,370153,370152,370151,370150,370149,370148,370147,370146,370145,370144,370143,370142,370141,576937,370185,576938,576940,576974,576975,576976,576977,576978,576979,623207,623206,623205,623204,623203,623202,623201,576973,623200,623198,623197,623196,623195,623194,623193,623192,623191,623190,623189,623188,623187,623186,623199,576972,576971,576970,576941,576942,576943,576944,576945,576946,576947,576948,576949,576950,576951,576952,576953,576954,576955,576956,576957,576958,576959,576960,576961,576962,576963,576964,576965,576966,576967,576968,576969,576939,370186,370187,370188,624143,624142,624141,624140,624139,624138,624137,624136,624135,624134,624133,370194,370193,624144,370192,624132,624131,624130,624129,624128,624127,624126,624125,624124,624123,624122,624121,624120,370191,624145,624146,624147,624176,624175,624174,624173,624172,624171,624170,624169,624168,624167,624166,624165,624164,624163,624162,624161,624160,624159,624158,624157,624156,624155,624154,624153,624152,624151,624150,624149,624148,624119,624118,624117,624116,624082,624081,624080,624079,624078,624077,624076,624075,624074,624073,624072,624071,624070,624069,624068,624067,624066,624065,624064,624063,624062,624061,624060,624059,624058,624057,624056,370190,370189,624083,370214,624084,624086,624115,624114,624113,624112,624111,624110,624109,624108,624107,624106,624105,624104,624103,624102,624101,624100,624099,624098,624097,624096,624095,624094,624093,624092,624091,624090,624089,624088,624087,624085,565756,565755,565754,557648,557649,557650,557651,557652,611776,611777,611778,611779,611780,611781,611782,611783,557647,611784,611786,611787,611788,611789,611790,611791,611792,611793,611794,611795,611796,611797,611798,611785,557646,557645,557644,611763,611764,611765,611766,611767,611768,611769,611770,611771,611772,557628,557629,557630,557631,557632,557633,611773,611774,611775,557634,557635,557636,557637,557638,557639,557640,557641,557642,557643,611799,611762,611800,611802,611817,611818,611819,611820,611821,611822,611823,611824,652871,652870,652869,652868,652867,611816,652866,611825,611826,611827,611828,611829,611830,652857,652856,652855,652854,652853,652852,652851,652865,611815,557671,557670,611803,611804,611805,611806,611807,611808,611809,611810,611811,611812,611813,611814,557653,557654,557655,557656,557657,557658,557659,557660,557661,557662,557663,557664,557665,557666,557667,557668,557669,611801,652850,611761,557626,587190,587189,587188,587187,587186,587185,587184,587183,587182,587181,587180,587179,587178,587191,557554,557556,557557,557558,557559,557560,557561,557562,557563,587177,587176,557564,557565,557566,557555,587192,587193,587194,557535,557536,557537,587204,587203,587202,587201,557538,557539,557540,557541,557542,557543,557544,557545,557546,557547,557548,557549,557550,557551,557552,557553,587200,587199,587198,587197,587196,587195,557567,557627,557568,557570,557602,557603,557604,557605,557606,557607,557608,557609,557610,557611,557612,557613,557614,557601,557615,557617,557618,557619,557620,557621,557622,557623,557624,611744,611745,611752,611753,557625,557616,557600,557599,557598,557571,557572,557573,557574,557575,557576,557577,557578,557579,557580,557581,587175,587174,557582,557583,557584,557585,557586,557587,557588,557589,557590,557591,557592,557593,557594,557595,557596,557597,557569,652849,652848,652847,652736,652735,652734,652733,652732,381502,381501,381500,381499,381498,381497,381496,652717,652737,652716,652714,652713,652712,652711,652710,381495,381494,652707,652706,652705,652704,652703,381493,652715,652738,652739,652740,381534,381533,381532,381531,381530,381529,381515,381514,381513,652770,652769,652768,652767,652766,652765,652764,652763,652762,652761,652760,381512,381511,381510,381505,381504,381503,652743,652742,652741,381492,381535,381491,381489,381440,381439,381438,381437,381436,381435,381434,381433,381432,381400,381399,611862,611863,381441,611864,611866,611867,611868,611869,611870,611871,611872,611873,611874,611875,381398,381397,381396,611865,381442,381443,381444,381488,381487,381475,381474,381473,381472,381467,381466,381465,381464,381463,381462,381461,381460,381459,381458,381457,381456,381455,381454,381453,381452,381451,381450,381449,381448,381447,381446,381445,381490,381536,381537,381538,652821,652820,652819,652818,652817,652816,652815,652814,652813,652812,652811,652810,611839,652822,611840,611842,611843,611844,611845,611846,611847,611848,611849,611850,611851,611852,611853,611854,611841,652823,652824,652825,652846,652845,611831,611832,611833,611834,611835,611836,611837,611838,652844,652843,652842,652841,652840,652839,652838,652837,652836,652835,652834,652833,652832,652831,652830,652829,652828,652827,652826,652809,652808,652807,652806,652775,652774,652773,652772,652771,381558,381557,381556,381555,381554,381553,381552,381551,611858,611859,611860,611861,381550,381549,381548,381547,381546,381545,381544,381543,381542,381541,381540,381539,652776,557534,652777,652779,652805,652804,652803,652802,652801,652800,652799,652798,652797,652796,652795,652794,652793,652792,611855,611856,611857,652791,652790,652789,652788,652787,652786,652785,652784,652783,652782,652781,652780,652778,557533,587205,557532,654760,587338,587337,587336,587335,587334,587333,654759,654758,654757,654756,654755,654754,587339,654753,382425,382424,382423,382422,382421,382420,382419,382418,382417,382416,382415,382414,382413,654752,587340,587341,654790,654824,654823,654822,654821,654820,654819,654818,654817,587350,587349,587348,587347,587346,587345,587344,587343,587342,654816,654815,654814,654813,654812,654811,654810,654809,654808,654807,654792,654791,382412,654825,382411,382409,587300,587299,587298,587297,587296,587295,587294,587293,587292,587291,587290,587289,587288,587301,587287,587285,587284,587283,587282,587281,587280,587279,587278,587277,587276,587275,587274,587273,587286,587302,587303,587304,382408,587332,587331,587330,587329,587328,587327,587326,587325,587324,587323,587322,587321,587320,587319,587318,587317,587316,587315,587314,587313,587312,587311,587310,587309,587308,587307,587306,587305,382410,654826,654827,654828,654921,654920,654919,654918,654917,654916,654915,654914,654905,363108,654904,654903,654902,382457,654901,654899,654898,654897,654896,654895,382456,382455,654889,654888,654887,654886,654885,654884,654900,382458,382459,382460,363043,363054,363055,363098,363099,363100,363101,382476,382475,382474,382473,382472,382471,382470,382469,382468,363102,363103,363104,363105,363106,363107,382467,382466,382465,382464,382463,382462,382461,654883,654882,654881,654880,654857,654856,654855,654854,654853,654852,654851,654850,654849,654848,654847,654846,654845,654844,654843,654842,654841,654840,654839,654838,654837,654836,654835,654834,654833,654832,654831,654830,654829,587351,587272,654858,654860,654879,587355,587354,587353,587352,654878,654877,382446,382445,382444,382443,382442,382441,654876,654875,654874,654873,654872,654871,654870,654869,654868,654867,654866,654865,654864,654863,654862,654861,654859,381395,587271,557454,653825,653824,653823,653822,653821,653820,653819,653818,653817,653816,653815,653814,653813,653826,653812,557504,557505,557506,557507,557508,557509,557510,557511,557512,557513,557514,557515,557516,653811,653827,653828,653829,653845,653844,653843,653842,653841,653840,653839,653838,653837,653836,653835,653834,653833,653832,653831,653830,587224,587223,587222,587221,587220,587219,587218,587217,587216,587215,587214,587213,587212,557517,653846,557518,557520,653783,653767,653766,653765,653759,653758,653738,653737,653736,587211,587210,587209,587208,653784,587207,653735,653734,653733,653732,653731,653730,653729,653728,557527,557528,557529,557530,557531,587206,653785,653786,653787,557521,557522,557523,557524,557525,653810,653809,653808,653807,653806,653805,557526,653804,653803,653802,653801,582130,653799,653798,653797,653796,653795,653794,653793,653792,653791,653790,653789,653788,557519,653847,587225,587226,557475,557476,557477,557478,557479,557480,557481,557482,557483,557484,557485,557486,557487,557474,557488,557490,557491,557492,557493,557494,557495,557496,557497,557498,653896,653895,653894,653893,557489,587253,587254,587255,557455,557456,557457,557458,557459,557460,557461,587270,587269,587268,557462,557463,557464,557470,557471,557472,557473,587267,587266,587265,587264,587263,587262,587261,587260,587259,587258,587257,587256,653892,653891,653890,653889,587250,587249,587248,587247,587246,587245,587244,587243,587242,587241,587240,587239,587238,587237,587236,653852,653851,653850,653849,653848,587235,587234,587233,587232,587231,587230,587229,587228,587227,587251,557453,587252,653854,653881,653880,653879,653878,653877,653876,653875,653874,653873,653872,653871,653870,557499,557500,557501,653866,653865,653864,653863,653862,653861,653860,653859,653858,653857,557502,557503,653856,653855,653853,381394,381393,611876,650685,650684,650683,650682,586229,586228,586227,586226,586225,586224,586223,586222,586221,650686,586220,650671,650670,650669,650668,650667,650666,650665,650664,650657,650656,650655,650654,586218,586219,650687,650688,650689,650734,650733,650732,650731,650730,650729,650728,650727,650726,650725,650724,650723,650722,650721,650720,650719,650718,650717,650716,650715,650714,650713,650712,650695,650694,650693,650692,650691,650690,586217,650735,586216,586214,559531,559532,559533,559534,559535,559536,559537,559538,559539,559540,559541,559542,559543,559530,559544,559546,559547,559548,559549,586204,586203,586202,586201,586200,586199,586198,586197,586196,559545,559529,559528,559527,559501,559502,559503,559504,559505,559506,559507,559508,559509,559510,559511,586213,586212,586211,586210,586209,586208,586207,586206,586205,559512,559519,559520,559521,559522,559523,559524,559525,559526,586215,650736,650737,650738,650821,650820,650819,650818,650817,650810,650809,650808,650807,650806,650805,650804,650803,650822,650802,650800,650799,650798,650797,650796,650795,650794,650793,650792,650791,650790,650789,347627,650801,650823,347628,347629,558690,558691,558692,558693,558694,586262,586261,586260,586259,586258,586257,586256,586255,586254,586253,586252,586251,586250,586249,586248,586247,586246,586245,586244,586243,586242,586241,586240,347630,347626,347625,347624,347623,650767,650766,650765,650764,650763,650762,650761,650760,650759,650758,650757,650756,650755,650754,650753,650752,650751,650750,650749,650748,650747,650746,650745,650744,650743,650742,650741,650740,650739,650768,586195,650769,650771,347622,347621,586239,586238,586237,586236,586235,586234,586233,586232,586231,586230,650788,650787,650786,650785,650784,650783,650782,650781,650780,650779,650778,650777,650776,650775,650774,650773,650772,650770,558689,586194,586192,559642,559643,559644,559645,559646,559647,559648,559649,559650,559651,559652,559653,559654,559641,559655,559657,559658,559659,559660,559661,559662,559663,649799,649798,649797,649796,649795,649794,559656,559640,559639,559638,559613,559614,559615,559616,559617,559618,559619,559620,559621,559622,559623,559624,559625,559626,559627,559628,559629,559630,585291,585290,321038,321039,559631,559632,559633,559634,559635,559636,559637,649793,559612,649786,649784,649765,649764,649763,649762,612774,612775,649761,649760,649759,649758,649757,649756,649755,649766,649754,649752,559664,559665,559666,559667,559668,559669,559670,559671,559672,559673,559674,559675,649753,649767,585278,585279,649783,649782,649781,649780,649779,649778,649777,649776,585289,585288,649775,649774,649773,649772,649771,585287,585286,585285,585284,585283,585282,585281,612768,612769,612770,585280,649770,649769,649768,649785,559611,559610,559609,559561,559562,559563,559564,559565,559566,586169,586168,586167,586166,586165,586164,586163,559560,559567,559569,559570,559571,559572,559573,559574,559575,559576,559577,559578,559579,559580,559581,559568,559559,559558,559557,586191,586190,586189,586188,586187,586186,586185,586184,586183,586182,586181,586180,586179,586178,586177,586176,586175,586174,586173,586172,586171,586170,559550,559551,559552,559553,559554,559555,559556,559582,559583,559584,559585,559591,559592,559593,559594,559595,585302,585301,585300,585299,585298,585297,585296,585295,585294,585293,585292,559596,559597,559598,559599,559600,559601,559602,559603,559604,559605,559606,559607,559608,585303,586193,585304,585306,559586,586162,586161,586160,586159,586158,586157,559587,559588,559589,559590,586156,586155,586154,586153,586152,586151,586150,586149,364123,364124,364125,364126,364127,364128,364129,364130,364131,585307,585305,363042,558688,558686,651828,651827,651826,651825,651824,651823,651822,651821,651820,651819,651818,651817,651816,651829,651815,363997,363998,363999,364000,364001,364002,364003,364004,364005,364006,364007,364008,651813,651814,651830,651831,651832,363996,558539,558540,558541,558542,558543,558544,558545,558546,558547,558548,558549,558550,558551,558552,558553,558554,558555,558556,558557,558558,651847,651846,651845,651844,651843,651842,651841,651833,651812,363995,651811,651809,651795,651794,651793,651792,651791,651790,651789,651788,651787,651786,651785,651784,364054,651796,364055,364060,364061,364062,364063,364064,364065,364078,364079,586331,586330,586329,651783,651782,364056,651797,651798,651799,651808,651807,651806,651805,651804,651803,651802,651801,651800,558559,558560,558561,558562,558563,558564,558565,558566,558567,558568,558569,558570,558571,558572,364009,364016,364017,364018,364019,558573,651810,363994,363993,363992,558481,558482,558483,558484,611898,611899,611900,611901,558485,558486,558487,558488,558494,558480,558495,558497,558498,558499,558500,558501,558502,558503,558504,558505,558506,558507,611902,611903,558496,558479,558478,558477,381392,381390,381389,381388,381387,381386,381385,381384,611877,611878,611879,611880,611881,611882,611883,611884,611885,611886,611887,611888,611889,611890,611891,611892,611893,611894,611895,611896,611897,611904,611905,611906,611907,558517,558518,558519,558520,558521,558522,558523,558524,558525,558526,558527,558528,611945,611946,611947,363988,363989,363990,363991,558529,558530,558531,558532,558533,558534,558535,558536,558537,558538,558516,651781,558515,558513,611908,611909,611910,611911,611915,611916,611917,611918,611919,611920,611921,558508,558509,558510,558511,611932,611933,611934,611935,611936,611937,611938,611939,611940,611941,611942,611943,611944,558512,558514,558687,651780,651778,558614,558615,558616,558617,558618,558619,558620,558621,558622,558623,558624,558625,558626,558613,347657,347655,347654,347653,347652,586277,586276,586275,586274,586273,586272,586271,558627,558628,347656,558612,558611,558610,586289,586288,586287,586286,586285,586284,586283,586282,586281,586280,586279,586278,347679,347678,347671,347670,558599,558600,558601,558602,558603,558604,558605,347669,347658,558606,558607,558608,558609,558629,586290,558630,558632,558658,558659,558660,558661,558662,558663,558664,558665,558666,558667,558668,558669,558670,558657,558671,558673,558674,558675,558676,558677,558678,558679,558680,558681,558682,558683,558684,558685,558672,558656,558655,558654,558633,558634,558635,558636,558637,558638,586270,586269,558639,558640,558641,558642,558643,586268,586267,586266,586265,586264,586263,558644,558645,558646,558647,558648,558649,558650,558651,558652,558653,558631,586291,586292,651679,651748,558578,558579,586328,586327,586326,558580,558581,558582,558583,558584,558585,558586,651749,558587,558589,558590,558591,558592,586325,558593,558594,651747,651746,651745,651744,651743,586324,558588,651750,651751,651752,651777,651776,651775,651774,651773,651772,651771,651770,651769,651768,651767,651766,651765,651764,651763,651762,651761,651760,651759,651758,651757,558574,558575,558576,558577,651756,651755,651754,651753,586323,586322,586321,586320,651694,651693,651692,651691,651690,651689,651688,651687,586306,586305,586304,586303,586302,586301,586300,586299,586298,586297,586296,586295,586294,586293,558595,558596,558597,558598,651682,651681,651680,651707,651779,651708,651710,586319,586318,586317,586316,586315,586314,586313,586312,586311,586310,586309,586308,586307,651742,651741,651740,651739,651738,651737,651736,651719,651718,651717,651716,651715,651714,651713,651712,651711,651709,559676,363041,363039,383481,383480,383479,383478,383471,383470,383469,383468,383467,383466,383465,383464,383451,383482,383450,383448,383447,609740,609741,609742,609743,609744,609745,383446,383445,383444,383442,383441,383449,383483,383484,658853,658918,658917,658916,658915,658914,658913,658912,658911,658904,658903,658902,658901,658900,658899,658898,658897,658896,658895,658894,658893,658892,658891,658890,658889,658888,658887,658856,658855,658854,383440,658919,383439,383437,609774,609775,609776,609777,609778,609779,609780,609781,609782,609783,609784,609785,609786,609773,609787,609789,609790,609791,609792,609793,609794,609795,609796,609797,609798,609799,609800,609801,609788,609772,609771,609770,383436,383435,383434,383433,383432,609746,609747,609748,609749,609750,609751,609752,609753,609754,609755,609756,609757,609758,609759,609760,609761,609762,609763,609764,609765,609766,609767,609768,609769,383438,609802,658920,658922,383505,609724,609725,383504,383503,383502,383501,609726,609727,609728,609729,609730,609731,383506,609732,609734,659025,659024,659023,659022,659021,659020,659019,659018,659017,659016,659015,658999,609733,383507,383508,383509,383542,383541,383540,383539,383538,383537,609705,609706,609712,609713,609714,609715,609716,609717,609718,609719,609720,609721,609722,609723,383536,383523,383522,383521,383514,383513,383512,383511,383510,658998,658921,658997,658995,658972,658971,658970,658969,658968,658967,658966,658965,658964,658941,658940,658939,658938,658973,658937,658935,658934,658933,658932,658931,658930,658929,658928,658927,658926,658925,658924,658923,658936,658974,658975,658978,658994,609735,609736,609737,609738,609739,658993,658992,383500,383499,383498,383497,383496,383495,383494,383493,383492,383491,383490,383489,383488,383487,383486,383485,658983,658982,658981,658980,658979,658996,609803,609804,609805,588376,588375,588374,588373,588372,588371,657937,555440,657918,657917,657916,657915,657914,657938,657913,657911,657910,657909,657908,657907,657906,657905,657904,657903,657902,657901,555441,555442,657912,657939,657940,657941,555432,657960,657959,657958,657957,657956,555433,555434,555435,555436,555437,555438,555439,657955,657954,657953,657952,657951,657950,657949,657948,657947,657946,657945,657944,588378,588377,657943,657942,555443,555431,588370,588368,555450,555451,555452,657831,657830,657829,657828,555453,555454,555455,555456,555457,555458,555449,555459,555461,555462,555463,555464,555465,555466,555467,555468,555469,555470,555471,555472,555473,555460,555448,657864,657865,588367,588366,588365,588364,555444,555445,555446,555447,657900,657899,657898,657897,657896,657895,657894,657893,657892,657891,657890,657889,657888,657887,657880,657879,657878,657877,657876,657867,657866,588369,555430,555429,555428,609839,609840,609841,609842,609843,609844,609845,609846,609847,609848,609849,609850,609851,609838,609852,609854,609855,609856,609857,609858,609859,609860,609861,609862,609863,609864,609865,609866,609853,609837,609836,609835,609806,609807,609808,609809,609810,609811,609812,609813,609814,609815,609816,609817,609818,609819,609820,609821,609822,609823,609824,609825,609826,609827,609828,609829,609830,609831,609832,609833,609834,609867,609868,609869,609870,555423,555424,555425,658001,658000,657999,657998,657997,657996,657995,609897,609898,609899,609900,657994,657993,657992,657991,657990,657975,657974,657973,657972,657971,657970,657969,657968,555426,555427,555422,383543,555421,555419,609871,609872,609873,609874,609878,609884,609885,609886,609887,609888,609889,609890,609891,609892,609893,609894,609895,609896,555408,555409,555410,555411,555412,555413,555414,555415,555416,555417,555418,555420,609704,609696,383544,589383,589382,589381,589380,660048,660047,660046,660045,660044,660043,660042,660041,660040,589384,660023,660021,589379,589378,660020,660019,660018,660017,660016,660015,589377,589376,589375,589374,660022,589385,589386,589387,362080,362081,362082,362083,362084,554537,554538,554539,554540,554541,554542,554543,554544,554545,589402,589401,589400,589399,589398,589397,589396,589395,589394,589393,589392,589391,589390,589389,589388,589373,362079,589372,589370,659960,659959,659958,659957,659956,659955,659954,659953,659952,659951,659950,659949,659948,659961,659947,659945,659944,659943,659942,659941,659940,659939,659938,659937,659936,659935,659934,659929,659946,659962,659963,659964,589369,589368,589367,554546,554547,554548,554549,554550,554551,554552,660007,660006,660005,660004,660003,660002,659999,659998,659997,659996,659995,659994,659993,659992,659991,659990,659989,659988,659965,589371,362078,362077,554536,349657,361949,554487,554488,361950,361951,361952,361953,361954,361955,361956,361957,361958,554486,361959,361961,361962,361967,361968,361969,361970,361996,361997,361998,361999,362000,362001,554489,361960,554485,554484,554483,554456,554457,554458,554459,554460,554461,554462,554463,554464,554465,554466,554467,554468,554469,554470,554471,554472,349659,349658,554473,554474,554475,554476,554477,554478,554479,554480,554481,554482,554490,554491,554492,554493,362012,362013,362014,362016,362017,362018,362019,362020,362021,362022,362023,362024,362029,362030,362075,554523,554524,554525,554526,554527,554528,554529,362076,554530,554531,554532,554533,554534,554535,554522,659928,554521,554519,554494,554495,554496,554497,362002,362003,362004,362005,554498,554499,554500,554501,554502,554503,554504,554505,554506,554507,554508,554509,554510,554511,554512,554513,554514,554515,554516,554517,554518,554520,555474,659927,659925,383557,383556,589300,589299,589298,383555,383554,589297,589296,589295,589294,589293,589292,383558,589291,589289,589288,589287,589286,589285,589284,589283,589282,589281,589280,589279,589278,589277,589290,383559,383560,383561,383596,383595,383591,383590,383589,383588,383587,383586,589309,589308,589307,589306,589305,589304,589303,589302,589301,383585,383584,383583,383582,383581,383580,383579,383578,383577,383564,383563,383562,589276,589310,589275,383553,589244,589243,589242,589241,589240,589239,589238,589237,589236,589235,589234,383548,383547,589245,589233,589231,589230,589229,589228,589227,589226,589225,589224,589223,589222,609695,383546,383545,589232,589246,589247,589248,383552,383551,383550,383549,589273,589272,589271,589270,589269,589268,589267,589266,589265,589264,589263,589262,589261,589260,589259,589258,589257,589256,589255,589254,589253,589252,589251,589250,589249,589274,589311,589312,383597,589356,659880,659878,659877,589355,589354,589353,589352,589351,589350,589349,589348,589347,589357,589346,589344,589343,589342,589341,589340,589339,589338,589337,554562,554563,554564,554565,554566,589345,659911,659912,659913,659924,659923,659922,554553,554554,554555,554556,589366,589365,589364,554557,554558,554559,554560,554561,659921,659920,659919,589363,589362,589361,589360,589359,589358,659918,659917,659916,659915,659914,554567,554568,554569,554570,589332,589331,589330,589329,383606,589328,589327,589326,589325,589324,589323,589322,383605,383604,383603,383602,383601,589321,589320,589319,589318,589317,589316,589315,589314,589313,383600,383599,383598,589333,659926,589334,589336,554571,554572,554573,554574,554575,554576,554577,554578,554579,554580,554581,554582,554583,554584,554585,554586,554587,554588,554589,554590,554591,554592,554593,554594,554595,554596,554597,554598,383607,589335,555475,555476,555477,655840,655839,655838,655837,655834,556526,556527,556528,556529,556530,556531,556532,556533,655841,655833,655831,610785,610786,610787,610788,610789,610790,610791,610792,610793,610794,610795,610796,655832,610784,610783,610782,610767,610768,610769,610770,610771,610772,610773,610774,610775,610776,610777,610778,610779,655855,655854,655853,655852,655851,655850,655849,655848,655847,655846,655845,655844,655843,655842,610780,610781,610797,610766,655830,610798,610823,610824,610825,610826,655781,655780,655779,655778,655777,610827,610828,610829,610830,610822,610831,610833,610834,610835,610836,610837,610838,610839,610840,362965,362966,362967,362968,362969,610832,610821,610820,655782,610799,610800,610801,610802,610803,610804,610805,610806,610807,610808,610809,655816,610810,610811,610812,610813,610814,610815,610816,610817,610818,610819,655783,556534,556535,556536,556537,556538,556539,655829,655856,655857,655858,556496,556497,556498,556499,556500,556501,556502,556503,556504,556505,610750,610751,610752,556495,556506,556508,655912,655911,655910,655909,556509,556510,655908,655907,655906,655905,610753,610754,556507,556494,556493,556492,556481,556482,556483,556484,556485,655947,655946,655945,655944,655943,655942,655941,655940,655939,556486,556487,556488,655928,655927,655926,655925,655924,655923,655922,655921,655920,556489,556490,556491,655904,655903,655902,655901,655893,655892,655891,655890,655889,655888,655887,655886,655885,655884,655882,655881,655875,655874,655873,655872,655871,655870,655869,655868,655867,655866,655865,655864,655863,655862,655861,655860,655859,655894,362970,655895,655897,655900,655899,556511,556512,556513,556514,556515,556516,610755,610756,610757,610758,610759,610760,610761,610762,610763,610764,610765,556517,556518,556519,556520,556521,556522,556523,556524,556525,655898,655896,556480,362971,362973,610880,610881,610882,610883,610884,610885,610886,610887,382557,382556,382555,382554,382553,610879,382540,610888,610890,610891,610892,382538,382537,382536,382535,382534,382533,382532,382531,382530,382539,382558,382559,610878,556629,556630,556631,556632,556633,556634,556635,610869,610870,610871,610872,610873,610874,610875,610876,556636,556637,556638,556639,556640,556641,556642,556643,556644,556645,556646,382561,382560,610877,382529,556628,382528,382526,610913,610914,610915,610916,610917,610918,610919,610920,610921,610922,610923,382484,382483,610912,382482,382480,382479,382478,382477,362994,362995,363028,363029,363030,363031,363036,363037,363038,382481,610911,610910,610909,382525,382524,382523,382522,382521,382520,382519,382518,382517,382516,382515,382514,382513,382512,382499,382498,382497,382490,382489,382488,382487,382486,382485,610893,610894,610895,610896,610897,610908,382527,610868,610867,610866,556559,556560,556561,556562,556563,556564,556565,556566,556567,556568,556569,556570,556571,556558,556572,556574,556575,556576,556577,556578,556579,556580,556581,556582,556583,556584,556585,556586,556573,556557,556556,556555,362974,362975,362976,362977,362978,362979,362980,362981,362982,610841,610842,610843,610844,610845,556540,556541,556542,556543,556544,556545,556546,556547,556548,556549,556550,556551,556552,556553,556554,556587,556588,556589,556590,610855,610856,556612,556613,556614,556615,556616,556617,556618,556619,556620,556621,556622,556623,556624,556625,556626,556627,610857,610858,610859,362992,362993,610860,610861,610862,610863,610864,610865,610854,362972,610853,610851,556591,556592,556593,556594,362983,556595,556596,556597,556598,556599,556600,556601,556602,556603,556604,556605,556606,556607,556608,556609,556610,556611,362984,362985,610846,610847,610848,610849,610850,610852,363040,556479,556477,588297,588296,588295,588294,555576,555577,555578,555579,555580,555581,555582,555583,555584,555575,555585,555587,555588,555589,555590,555591,555592,555593,555594,555595,555596,555597,555598,555599,555586,555574,555573,555572,555560,555561,555562,555563,555564,555565,555566,555567,555568,588314,588313,588312,588311,588310,588309,588308,588307,588306,588305,588304,588303,588302,588301,588300,555569,588299,588298,555570,555571,555600,555559,555601,555603,588275,588274,588273,588272,588271,588270,588269,588268,588267,588266,588265,588264,588263,588276,588262,588260,588259,588258,588257,588256,588255,555619,656977,656976,656975,656974,656973,656972,588261,588277,588278,588279,555604,555605,555606,555607,555608,555609,555610,555611,555612,555613,555614,555615,555616,555617,555618,588293,588292,588291,588290,588289,588288,588287,588286,588285,588284,588283,588282,588281,588280,555602,555558,555557,555556,555511,588363,588362,588361,588360,588359,588358,555512,555513,555514,555515,555516,555517,555510,555518,555520,555521,555522,555523,555524,555525,555526,555527,555528,555529,555530,555531,555532,555519,555509,555508,555507,555478,555479,555480,555481,555482,555483,555484,555485,555486,555487,555488,555489,555490,555491,555492,555493,555494,555495,555496,555497,555498,555499,555500,555501,555502,555503,555504,555505,555506,555533,555534,555535,555536,588336,588335,555549,555550,555551,555552,555553,555554,588334,588333,588332,588331,588330,588329,588328,588327,588326,588325,588324,588323,588322,588321,588320,588319,588318,588317,588316,588315,555555,588337,656971,588338,588340,555537,555538,555539,588357,588356,588355,588354,555540,555541,555542,555543,555544,555545,555546,555547,555548,588353,588352,588351,588350,588349,588348,588347,588346,588345,588344,588343,588342,588341,588339,556478,656970,656968,348647,348646,348645,348644,348643,610719,610720,382583,382582,382581,382580,382579,382578,348648,610728,382576,610729,382575,382574,382573,382572,382571,382570,382568,382567,610730,610736,610737,382577,348649,348650,348651,588211,588210,588209,588208,588207,588206,588205,588204,588203,588202,588201,588200,588199,588198,348704,348703,348702,348701,348696,348695,348681,348680,348679,348678,348677,348676,348654,348653,348652,610738,588212,610739,610741,556454,556455,556456,556457,556458,556459,556460,556461,655952,655951,655950,655949,655948,556453,556462,556464,556465,556466,556467,556468,556469,556470,556471,556472,556473,556474,556475,556476,556463,556452,556451,556450,610742,610743,610744,610745,610746,610747,610748,610749,382566,556430,556431,556432,556433,556434,556435,556436,556437,556438,556439,556440,382565,382564,382563,382562,556445,556446,556447,556448,556449,610740,588213,588214,588215,656919,656918,588253,588252,656917,656916,656915,656914,656913,656912,656911,588251,588250,656920,656896,656894,656893,656892,656891,656890,656889,656888,656887,656886,656885,656884,656883,656882,656895,656921,656922,656923,656967,656966,656965,656952,656951,656950,656949,656948,656947,656946,656945,656944,555620,555621,555622,656936,656935,656934,656933,656932,656931,656930,588254,656929,656928,656927,656926,656925,656924,656881,656880,656879,656878,656857,656856,656855,656854,656853,656842,656841,656840,588232,588231,588230,588229,588228,588227,588226,588225,588224,588223,588222,656807,656806,656805,656804,588221,588220,588219,588218,588217,588216,656862,656969,656863,656865,656877,656876,656875,656874,656873,656872,656871,656870,588249,588248,588247,588246,588245,588244,588243,588242,588241,588240,588239,588238,588237,588236,588235,588234,588233,656869,656868,656867,656866,656864,554454,559677,559679,643596,643595,643594,643593,643592,643591,643590,643589,643588,643587,643586,366056,366057,643597,366058,643585,643584,643583,614926,614927,614928,614929,643582,643581,643580,643579,643578,643577,366065,643598,643599,643600,643605,378327,378326,378325,378324,378323,614915,614916,378322,378321,378315,643604,614917,614918,614919,614920,614921,614922,614923,614924,614925,366051,366052,366053,366054,366055,643603,643602,643601,643576,643606,643575,643573,643544,643543,643542,643541,643540,643539,378314,614935,614936,614937,614938,614939,614940,614934,614941,614943,614944,614945,614946,614947,614948,614949,614950,614951,614952,614953,614954,378313,614942,614933,614932,614931,643572,643571,643570,643569,643568,643567,643566,643565,643564,643563,643562,643561,643560,643559,643558,643557,643556,643555,643554,643553,643552,643551,643550,643549,643548,643547,643546,643545,614930,643574,643538,643607,643609,378388,378387,378386,614907,614908,643663,643662,643661,643660,643659,643658,643657,643656,378389,643655,643653,643652,643651,643650,643649,643648,643645,643644,643643,643642,643641,643640,643639,643654,378390,378391,614906,378465,378464,378463,378428,378427,378426,378425,378424,378423,378422,378421,378420,378419,378418,378417,366041,366042,366043,378416,378415,378407,378406,378405,378393,378392,366044,366045,614904,614905,643638,643608,378385,378383,643626,643625,614909,614910,614911,366046,366047,366048,366049,366050,614912,614913,614914,643627,643624,643622,643621,643620,643619,643618,643617,643616,643615,643614,643613,643612,643611,643610,643623,643628,643629,643630,378382,378381,378380,378379,378378,378377,643637,378376,378375,378374,378373,378372,378371,378370,378369,378368,378367,378366,378365,378364,378363,378362,378361,643636,643635,643634,643633,643632,643631,378384,643537,643536,643535,563693,563694,563695,563696,563697,563698,563699,563700,563701,563702,563703,563704,563705,563692,563706,563708,563709,563710,563711,563712,614996,614997,563713,563714,563715,563716,563717,563718,563707,563691,563690,563689,614989,614990,614991,563667,563668,563669,563670,563671,563672,563673,563674,563675,563676,563677,563678,563679,563680,563681,563682,614992,614993,614994,614995,563683,563684,563685,563686,563687,563688,563719,614988,563720,614999,326153,326154,563730,563731,563732,563733,563734,563735,563736,563737,563738,563739,563740,326152,563741,563743,563744,563745,563746,563747,563748,563749,563750,563751,563752,563753,563754,563755,563742,326151,326150,366067,615000,615001,615002,615003,615004,615005,615006,615007,615008,615009,615010,615011,615012,615013,615014,615015,615016,615017,615018,563721,563722,563723,563724,563725,563726,563727,563728,563729,366066,614998,614987,614986,614985,643489,643488,643487,643486,614957,614958,614959,614960,614961,614962,614963,563599,563600,643490,563601,563603,563604,563605,563606,563607,614964,614965,614966,614967,614968,563608,563615,563616,563602,643491,643492,643493,643534,643533,643532,643531,643530,643529,643528,643527,643526,643525,643524,643523,643522,643521,643520,643519,643518,643517,614955,614956,643516,643515,643514,643513,643512,643511,643500,643499,643494,563617,563618,563619,563620,563650,563651,563652,563653,563654,563655,563656,563657,563658,563659,563660,563661,563662,563663,563664,563665,614973,614974,614975,614976,614977,614978,614979,614980,614981,614982,614983,563666,614984,563649,378466,563648,563646,563621,563622,563623,563624,563625,563626,563627,563628,563629,614969,614970,614971,614972,563630,563631,563632,563633,563634,563635,563636,563637,563638,563639,563640,563641,563642,563643,563644,563645,563647,366040,378467,378468,644616,644615,562667,562668,562669,562670,562671,562672,562673,562674,562675,562676,562677,644617,562678,562680,562681,562682,644614,644613,644612,644611,644610,644609,644608,644607,644606,644605,562679,644618,644619,644620,644649,644648,644647,644646,644645,644644,644643,644642,644641,644640,644639,644638,644637,644636,644635,644634,644633,644632,644631,644630,644629,644628,644627,644626,644625,644624,644623,644622,644621,644604,644650,644603,644601,584110,584109,584108,584107,584106,644575,644574,644573,644572,644571,644570,644569,644568,584111,644567,644565,644564,644563,644562,644561,644560,644559,644558,644557,644556,644555,644554,644553,644566,584112,584113,584114,644600,644599,644598,644597,644596,644595,644594,644593,644592,644591,644590,644589,644588,644587,644586,644585,644584,644583,644582,644581,644580,644579,644578,644577,644576,584118,584117,584116,584115,644602,644651,644652,644653,562635,562636,562637,562638,562639,584154,584153,584152,562640,562641,562642,562643,562644,562634,562645,584150,562646,562647,562648,562649,562650,562651,562652,584149,584148,584147,584146,584145,584151,562633,562632,562631,562602,562603,562604,562605,562606,562607,562608,562609,562610,562611,562612,562613,562614,562615,562616,562617,562618,562619,562620,562621,562622,562623,562624,562625,562626,562627,562628,562629,562630,584144,584143,584142,584141,584133,584132,584131,584130,584129,584128,584127,584126,584125,584124,584123,584122,584121,584120,584119,644667,644666,644665,644664,644663,644662,644661,644660,644659,644658,644657,644656,644655,644654,584134,644552,644668,644673,562653,562654,562655,562656,562657,584140,584139,584138,584137,562658,562659,562660,562661,562662,562663,562664,562665,562666,584136,644682,644681,644680,644679,644678,644677,584135,644676,644675,644674,644672,563756,644551,644549,562764,562765,562766,562767,562768,562769,562770,562771,562772,562773,614870,614871,614872,562763,562774,562776,562777,562778,562779,562780,562781,562782,614873,614874,614875,562783,562784,562785,562775,562762,562761,562760,562749,562750,614858,614859,614860,614861,614862,614863,614864,614865,614866,614867,614868,614869,562751,562752,562753,562754,562755,325126,325127,325128,325129,325130,325131,562756,562757,562758,562759,562786,562748,562787,562789,366028,378484,378483,378482,378481,378480,378479,378478,378477,378476,378475,378474,366029,366027,366030,366032,366033,366034,366035,366036,366037,366038,366039,378473,378472,378471,378470,378469,366031,366026,366025,366024,562790,614876,614877,614878,614879,614880,614881,614882,614883,614884,614885,614886,614887,614888,614889,614890,614891,614892,614893,614894,614895,614896,614897,614898,614899,614900,614901,614902,614903,562788,562747,562746,562745,644540,644539,644538,644537,644536,644535,562683,562684,562685,562686,562687,562688,562689,614843,562690,562692,644524,644523,644522,644521,644520,644519,644518,644517,562693,562694,562695,562696,562691,614842,614841,614840,644548,644547,644546,584105,584104,584103,584102,584101,584100,584099,614818,614819,614820,614821,614822,614823,614824,614825,644545,644544,644543,644542,644541,614834,614835,614836,614837,614838,614839,644512,644511,644510,644509,614847,614848,614849,614850,614851,614852,614853,614854,614855,614856,614857,562727,562728,562729,562730,562731,562732,562733,562734,562735,562736,562737,562738,562739,562740,562741,562742,562743,562744,614846,644550,614845,562726,562697,562698,562699,562700,562701,562702,562703,562704,562705,562706,562707,562708,562709,562710,562711,562712,562713,562714,562715,562716,562717,562718,562719,562720,562721,562722,562723,562724,562725,614844,563757,563758,563759,583177,583176,583175,583174,377403,377402,377401,377400,377399,377398,377397,377396,377395,583178,327171,327173,327174,327175,327176,327177,327178,377394,377393,377392,377391,377390,377385,377384,327172,583179,583180,583181,377451,377450,377449,377448,377447,377446,377445,377444,583197,583196,583195,583194,583193,377443,377442,377441,377440,377404,583192,583191,583190,583189,583188,583187,583186,583185,583184,583183,583182,377383,377452,377368,377366,377300,377299,377298,583173,583172,583171,583170,583169,583168,583167,583166,583165,583164,377301,583163,640591,640590,640589,640588,640587,640586,640585,640584,640583,640582,640581,640580,640579,583162,377302,377303,377304,377365,377364,377363,377362,377361,377360,377359,377358,377357,377356,377355,377354,377353,377352,377351,377350,377349,377348,377347,377346,377345,377344,377343,377342,377341,377340,377339,377338,377337,377367,377453,377454,377455,641507,641506,641505,641504,641503,641502,641501,641500,641499,564814,564815,564816,564817,641508,564818,564820,564821,564822,564823,564824,564825,564826,641498,641497,641496,641495,641494,641493,564819,641509,641510,641511,641540,641539,641538,641537,641536,641535,641534,641533,641532,641531,641530,641529,641528,641527,641526,641525,641524,641523,641522,641521,641520,641519,641518,641517,641516,641515,641514,641513,641512,641492,641491,641490,641489,564827,564828,564829,564830,564831,564832,564833,564834,564835,641453,641452,564836,564837,564838,564839,564840,377461,377460,377459,377458,377457,583204,583203,583202,583201,583200,583199,583198,377456,641463,640578,641464,641470,641488,583215,583214,583213,583212,583211,583210,583209,583208,583207,583206,641487,641486,641485,641484,641483,641482,641481,641480,641479,641478,583205,641477,641476,641475,641474,641473,641472,641471,641469,641541,640577,640575,640455,640454,640453,640452,640451,640450,640449,640448,640447,640446,640441,640440,640439,640456,565675,565677,565678,565679,565680,565681,565682,565683,640429,565684,565685,565686,565687,565688,565676,640457,640458,640459,565674,640482,640481,640480,640479,640478,583137,583136,583135,583134,583133,640477,640476,640475,640474,640473,640472,640471,640470,640469,640468,640467,640466,640465,640464,640463,640462,640461,640460,565689,565673,565690,565692,565726,565727,565728,565729,565730,565731,565732,565733,565734,565735,565736,565737,565738,565725,565739,565741,565742,565743,565744,565745,565746,565747,565748,565749,565750,565751,565752,565753,565740,565724,565723,565722,565693,565694,565695,565696,565697,565698,565699,565700,565701,565702,565703,565704,565705,565706,565707,565708,565709,565710,565711,565712,565713,565714,565715,565716,565717,565718,565719,565720,565721,565691,565672,583138,583139,640535,640534,640533,640532,640531,640530,640529,640528,640527,640526,640525,640524,640523,640536,640522,640520,640519,640518,640517,640516,640515,640514,640513,640512,640511,640510,640509,640508,640521,640537,640538,640539,640574,640573,640572,640571,640570,640569,640568,640567,640566,640565,640564,640563,640562,640555,640554,640553,640552,640551,640550,640549,640548,640547,640546,640545,640544,640543,640542,640541,640540,640507,640506,640505,640504,565665,565666,565667,565668,565669,583161,583160,583159,583158,583157,583156,583155,565670,565671,583154,583153,583152,583151,583150,583149,583148,583147,583146,583145,583144,583143,583142,583141,583140,565664,640576,565663,565653,640503,640502,640501,640500,640499,640498,640497,640496,640495,640494,640493,640492,640491,640490,640489,640488,640487,640486,640485,640484,640483,565645,565646,565647,565648,565649,565650,565651,565652,565654,562601,641542,641544,642507,642506,642505,642504,642503,642502,642501,642500,642499,642498,642497,642496,642495,642508,642494,642492,642489,642488,642487,563791,563792,563793,563794,563795,563796,563797,563798,563799,642493,642509,642510,642511,642540,642539,642538,642537,642536,642535,642534,642533,642532,642531,642530,642529,642528,642527,642526,642525,642524,642523,642522,642521,642520,642519,642518,642517,642516,642515,642514,642513,642512,642477,642541,642476,642467,564622,564623,564624,564625,564626,564627,564628,564629,564630,564631,564639,564640,564641,583254,564642,564644,564645,564646,564647,564648,564649,564650,564651,564652,564653,564654,564655,564656,564643,583255,583256,583257,642466,563800,563801,563802,563803,563804,563805,563806,563807,563808,563809,563810,563811,563812,563813,563814,563815,366108,366109,366110,366111,366112,366113,366125,366126,366127,583260,583259,583258,642468,642542,642543,642544,642615,642614,642613,642612,563769,563770,563771,563772,563773,563774,563775,563776,563777,642616,563778,366104,563779,563780,563781,366105,366106,563782,563783,563784,563785,563786,642611,642610,366068,642617,642618,642619,563760,563761,563762,563763,563764,563765,563766,563767,563768,642639,642638,642637,642636,642635,642634,642633,642632,642631,642630,642629,642628,642627,642626,642625,642624,642623,642622,642621,642620,563787,563788,563789,563790,642572,642571,642570,642569,642568,642567,642566,642565,642564,642563,366107,642562,642561,642560,642559,642558,642557,642556,642555,642554,642553,642552,642551,642550,642549,642548,642547,642546,642545,642573,564657,642574,642576,642605,642604,642603,642602,642601,642600,642599,642598,642597,642596,642595,642594,642593,642592,642591,642590,642589,642588,642587,642586,642585,642584,642583,642582,642581,642580,642579,642578,642577,642575,641543,564658,564660,564787,564788,564789,564790,564791,564792,564793,641615,641614,641613,641612,641611,641610,564786,564794,564796,564797,564798,564799,564800,564801,564802,564803,564804,564805,564806,564807,564808,564795,564785,564784,564783,583222,583221,583220,583219,583218,583217,583216,564761,564762,564763,564764,564765,564766,564767,564768,564769,564770,564771,564772,564773,564774,564775,564776,564777,564778,564779,564780,564781,564782,641609,583223,641608,641606,641572,641571,641570,641569,641568,641567,641566,641565,641564,641563,641562,641561,641560,641573,641559,641557,641556,641555,641554,641553,641552,641551,641550,641549,641548,641547,641546,641545,641558,641574,641575,641576,641605,641604,641603,641602,641601,641600,641599,641598,641597,641596,641595,641594,641593,641592,641591,641590,641589,641588,641587,641586,564809,564810,564811,564812,564813,641580,641579,641578,641577,641607,564760,564759,564758,564684,564685,564686,564687,564688,564689,564690,564691,564692,564693,564694,564695,564696,564683,564697,564699,564700,564701,564702,564703,564704,564705,564706,564707,564708,564709,564710,564711,564698,564682,564681,564680,564661,564662,564663,564664,564665,564666,564667,564668,564669,564670,564671,564672,564673,564674,564675,564676,564677,564678,564679,583253,583252,583251,583250,583249,583248,583247,583246,583245,583244,564712,564713,564714,564715,583237,583236,583235,583234,583233,583232,583231,583230,583229,583228,583227,583226,583225,564743,564744,564745,564746,564747,564748,564749,564750,564751,583224,564752,564753,564754,564755,564756,564757,583238,564659,583239,583241,564716,564717,564718,564719,564720,564721,564722,564723,564724,564725,564726,564727,564728,564729,564730,564731,564732,564733,564734,564735,564736,564737,564738,564739,564740,564741,564742,583243,583242,583240,559678,562600,562598,560559,560560,560561,560562,560563,560564,560565,560566,560567,560568,560569,560570,560571,560558,560572,585172,585171,585170,585169,585168,585167,585166,585165,585164,560574,560575,560576,560577,560573,560557,560556,560555,585191,585190,585189,585188,585187,585186,585185,560545,560546,560547,560548,560549,560550,560551,560552,560553,585184,585183,585182,585181,585180,585179,585178,585177,585176,585175,585174,585173,560554,560578,585192,560579,560581,585131,585130,560583,560584,560585,560586,560587,560588,560589,560590,560591,560592,560593,585132,560594,560596,560597,560598,560599,560600,560601,560602,560603,560604,560605,560606,560607,560608,560595,585133,585134,585135,560582,585163,585162,585161,585160,585159,585158,585157,585156,585155,585154,585153,585152,585151,585150,585149,585148,585147,585146,585145,585144,585143,585142,585141,585140,585139,585138,585137,585136,560580,585129,585193,585195,648684,648683,648682,648681,648680,648679,648678,648677,648676,648675,648674,648673,648672,648685,648671,648669,648668,648667,648666,648665,648664,648663,648662,648661,648660,648648,648647,648646,648670,648686,648687,648688,648700,648699,648698,648697,648696,648695,648694,648693,612931,612932,612933,612934,612935,612940,612941,612942,612943,612944,612945,612952,612953,612954,612956,612957,612958,648692,648691,648690,648689,648645,585194,648644,648642,560526,560527,560528,560529,560530,560531,560532,560533,560534,560535,560536,612967,612968,612966,612969,612971,585206,585205,585204,585203,585202,585201,585200,585199,585198,560543,585197,585196,612970,612965,612964,322063,648641,648640,648639,648638,648637,648636,648635,648634,648625,648624,648623,648622,648621,648620,648608,648607,648606,648605,322057,322058,322059,322060,612959,612960,612961,612962,612963,322061,322062,648643,585128,585127,585126,647601,647600,560639,560640,560641,560642,560643,560644,560645,560646,560647,560648,560649,647602,560650,560652,560653,560654,560655,647582,647581,560656,560657,560658,560659,560660,560661,560662,560651,647610,647611,647612,647649,647648,647647,647646,647645,647644,647643,647642,647641,647640,647639,647638,647637,647636,647635,647634,647625,647624,647623,647622,647621,647620,647619,647618,647617,647616,647615,647614,647613,560663,647650,560664,560666,560700,560701,560702,560703,560704,560705,560706,560707,560708,560709,365010,365011,365012,560699,365013,365015,365016,365017,365018,365019,365020,365021,365022,365023,365024,365025,365026,365027,365014,560698,560697,560696,560667,560668,560669,560670,560671,560672,560673,560674,560675,560676,560677,560678,560679,560680,560681,560682,560683,560684,560685,560686,560687,560688,560689,560690,560691,560692,560693,560694,560695,560665,647651,647652,647653,647727,647726,647725,647724,647723,647722,647721,647720,647719,647718,647717,647716,647715,647728,647714,647712,647711,647710,647709,647708,647707,647706,647705,647704,647703,647702,647701,560619,647713,647729,647730,647731,585125,585124,560609,560610,560611,560612,560613,560614,560615,560616,560617,560618,647752,647751,647750,647749,647748,647747,647746,647745,647744,647739,647738,647737,647736,647735,647734,647733,647732,560620,560621,560622,560623,647682,647681,647680,647679,647678,647677,647676,647675,647674,647673,647672,647671,647670,647669,647668,647667,647666,647665,647664,647663,647662,647661,647660,647659,647658,647657,647656,647655,647654,647683,648701,647684,647686,560624,560625,560626,560627,560628,560629,560630,560631,560632,560633,560634,560635,560636,560637,560638,647700,647699,647698,647697,647696,647695,647694,647693,647692,647691,647690,647689,647688,647687,647685,648702,648703,648704,612828,612829,612830,612831,612832,612833,612834,612835,559697,559698,559699,559700,559701,612827,559702,559704,559705,559706,559707,559708,559709,559710,559711,559712,559713,559714,559715,559716,559703,612826,612825,612824,559683,559684,559685,559686,559687,559688,649642,649641,559689,559690,559691,559692,559693,559694,585268,612816,559695,559696,649632,649631,649630,649629,612817,612818,612819,612820,612821,612822,612823,559717,559682,559718,585267,380519,380518,612845,380517,380516,612846,612847,612848,612849,612850,612851,612852,585256,380520,585255,585253,585252,585251,585250,585249,585248,585247,585246,585245,585244,585243,585242,585241,585254,380521,380522,380523,585266,585265,585264,585263,585262,585261,585260,585259,585258,585257,612837,380534,380533,380532,380531,380530,380529,380528,612838,612839,612840,612841,612842,612843,612844,380527,380526,380525,380524,612836,559681,559680,649643,649722,649721,649720,649719,649718,649717,649716,649715,649714,649713,649712,612785,612786,649723,612787,612789,612790,612791,612792,612793,612794,612795,612796,612797,612798,612799,612800,649711,612788,649724,649725,649726,612776,612777,585277,585276,649751,649750,649749,649748,649747,649746,649745,649744,649743,649742,649741,649740,649739,649738,649737,649736,649735,649734,649733,649732,649731,649730,649729,649728,649727,649710,649709,649708,649707,649670,649669,649668,649667,649666,649665,649664,649663,649662,649661,649660,649659,649658,649648,649647,612812,612813,612814,612815,585275,585274,585273,585272,585271,585270,585269,649646,649645,649644,649671,585240,612811,612809,649706,649705,649704,649703,649702,649701,612801,612802,612803,612804,612805,612806,612807,612808,649700,649699,649698,649697,649696,649695,649694,649693,649692,649691,649690,649689,649688,649687,649672,612810,365028,585239,585237,612894,612895,612896,612897,612898,612899,612900,612901,612902,612903,612904,612905,612906,612893,612907,612909,612910,648754,648753,648752,648751,648750,648749,648748,648747,648746,648745,648744,612908,612892,612891,612890,380375,380374,380373,380372,380371,380370,380369,380364,380363,380362,380361,380360,648775,648774,648773,648772,648771,648770,648769,648768,648762,648761,648760,648759,648758,648757,648756,648755,612889,648743,380376,648742,585212,612930,648731,648730,648729,648728,648727,648726,648725,648724,648723,648722,648721,648720,612929,648719,648717,648716,648715,648714,648713,648712,648711,648710,648709,648708,648707,648706,648705,648718,612928,612927,612926,585211,585210,585209,585208,585207,648741,648740,648739,648738,648737,648736,612912,612913,612914,612915,612916,612917,612918,648735,648734,648733,648732,612919,612920,612921,612922,612923,612924,612925,612911,612888,612887,612886,380476,380475,380474,380473,380472,380471,380470,380469,380468,380467,380466,380465,380464,380477,380463,380450,380449,380442,380441,380440,380439,380438,380437,380436,380435,380434,380433,380432,380451,380478,380479,380487,585236,585235,585234,612853,612854,612855,612856,612857,612858,612859,612860,612861,612862,612863,612864,380515,380514,380513,380512,380511,380510,380509,380508,380507,380506,380505,380490,380489,380488,380431,380430,380429,380428,585229,585228,585227,585226,585225,585224,585223,585222,585221,585220,585219,585218,585217,585216,585215,585214,380413,380412,380411,380410,585213,612880,612881,380409,380408,612882,612883,612884,612885,585230,585238,585231,585233,380427,380426,380425,380424,380423,612865,612866,612867,612868,612869,612870,612871,612872,612873,612874,612875,380422,380421,380420,380419,380418,380417,380416,380415,380414,612876,612877,612878,612879,585232,365029,365030,365031,561706,561707,561708,561709,561710,561711,561712,561713,561714,561715,561716,561717,561718,324111,561719,561721,561722,561723,561724,561725,561726,561727,561728,561729,561730,561731,561732,561733,561720,584265,584266,324110,561685,561686,561687,561688,561689,561690,561691,561692,561693,561694,561695,561696,561697,561698,561699,561700,561701,561702,561703,561704,561705,324102,324103,324104,324105,324106,324107,324108,324109,561734,561684,561735,561737,584254,645680,645679,645678,645677,584253,645676,645675,645674,645673,645672,645671,645670,584255,645669,645667,645666,645665,645664,645663,645662,645661,645660,645659,645658,645657,645656,645655,645668,584256,584257,584258,561738,645705,645704,645703,645702,645701,645700,645699,645698,645697,645696,645692,645691,645690,645689,645688,645687,645686,645685,645684,645683,645682,645681,584264,584263,584262,584261,584260,584259,561736,561683,561682,561681,561646,561647,561648,561649,561650,561651,613978,613979,613980,613981,613982,613983,613984,561645,613985,613987,584284,584283,584282,584281,613988,613989,561652,613990,613991,613992,613993,613994,613986,561644,561643,561642,561613,561614,561615,561616,561617,561618,561619,561620,561621,561622,561623,561624,561625,561626,561627,561628,561629,561630,561631,561632,561633,561634,561635,561636,561637,561638,561639,561640,561641,584280,584279,584278,584277,346599,346598,584270,584269,584268,584267,561658,561659,561660,561661,561662,561663,561664,561665,561666,561667,561668,561669,561670,561671,561672,561673,561674,561675,561676,561677,561678,561679,561680,346600,645654,346601,346603,584276,584275,584274,584273,584272,584271,346655,346654,346646,346645,346644,561653,561654,561655,561656,561657,346643,346642,346635,346634,346633,346632,346631,346630,346629,346628,346606,346605,346604,346602,561612,645653,584252,645546,645545,645544,645543,379347,379346,379345,379340,379339,379338,379337,379336,584216,645547,584215,645533,584214,584213,584212,584211,584210,584209,584208,584207,584206,584205,584204,584203,645534,645548,379348,379349,561761,561762,584237,584236,584235,584234,584233,584232,584231,584230,584229,584228,584227,584226,584225,584224,584223,584222,584221,584220,584219,584218,584217,561763,561764,561765,561766,379351,379350,584202,561760,584201,584199,584165,584164,584163,584162,562574,562575,562576,562577,562578,584161,584160,584159,562579,584166,562580,562582,562583,562584,562592,562593,562594,584158,584157,584156,584155,562595,562596,562597,562581,584167,584168,584169,584198,584197,584196,584195,584194,584193,584192,584191,584190,584189,584188,584187,584186,584185,584184,584183,584182,584181,584180,584179,584178,584177,584176,584175,584174,584173,584172,584171,584170,584200,561759,561758,561757,584245,584244,584243,584242,584241,584240,584239,584238,645624,645623,645622,645621,645620,584246,645619,645617,645616,645615,645614,645613,645612,645611,645610,645609,645608,645607,645606,645605,645618,584247,645625,645626,584251,584250,584249,584248,645651,645650,645649,645648,645647,645646,645645,645644,645643,645642,645641,645640,645639,645638,645637,645636,645635,645634,645633,645632,645631,645630,645629,645628,645627,645604,645603,645602,645601,645567,645566,645565,645564,645563,645562,645561,645560,645559,645558,645557,561739,561740,561741,561742,561743,561744,561745,561746,561747,561748,561749,561750,561751,561752,561753,561754,561755,561756,645568,645652,645569,645571,645600,645599,645598,645597,645596,645595,645594,645593,645592,645591,645590,645589,645588,645587,645586,645585,645584,645583,645582,645581,645580,645579,645578,645577,645576,645575,645574,645573,645572,645570,562599,561611,613976,613853,613854,613855,613856,613857,613858,646715,646714,646713,646712,646711,646710,646709,613852,379428,379426,613859,379418,379417,646708,646707,613860,613861,613862,646706,646705,646704,646703,379427,613851,613850,613849,379442,379441,379440,379439,613834,613835,613836,613837,613838,613839,613840,613841,613842,646729,646728,646727,646726,646725,646724,646723,646722,646721,646720,613843,613844,613845,613846,613847,613848,646702,379443,646701,646699,613884,613885,613886,613887,613888,646688,646687,646686,646685,646684,646683,646682,646681,613883,646680,646678,646677,646676,646675,646674,646673,646672,646671,613889,613890,613891,613892,613893,646679,613882,613881,613880,646698,646697,613863,613864,613865,613866,613867,646696,646695,646694,646693,646692,646691,646690,646689,613868,613869,613870,613871,613872,613873,365148,365149,613874,613875,613876,613877,613878,613879,646700,379444,379445,379446,560728,560729,560730,560731,560732,365089,365102,365103,560733,560734,560735,560736,560737,560727,560738,613793,613794,613795,560740,560741,560742,323080,323081,323082,323083,323084,323085,323086,560739,560726,560725,560724,365032,365033,365041,365042,365043,365079,365080,365081,365082,365083,365084,365085,365086,365087,365088,560710,560711,560712,560713,560714,560715,560716,560717,560718,560719,560720,560721,560722,560723,613796,613797,613798,613799,379495,379494,379493,379492,379491,613825,613826,613827,613828,379490,379489,379488,379487,379486,379485,379465,379464,379453,613829,613830,613831,613832,613833,379452,379451,379450,379449,379448,379447,379496,613894,379497,613824,613800,613801,323087,613809,613810,613811,613812,613813,613814,613815,613816,613817,613818,613819,379509,379508,379507,379506,379505,379504,379503,379502,379501,379500,379499,613820,613821,613822,613823,379498,613977,613895,646670,561554,561555,561556,561557,561558,561559,561560,561569,561570,561571,561572,561573,561574,561553,561575,561577,561578,613926,613927,613928,613929,613930,613931,613932,613933,613934,613935,613936,561576,561552,561551,561550,646587,646586,646585,646582,646581,646580,646579,646578,646577,379398,379397,379396,379395,646572,646571,646570,646569,379394,379393,379392,379391,379390,379389,379388,379387,379386,379385,646558,646557,613937,646588,613938,561579,613942,613943,613944,613945,613946,613947,613948,613949,613950,613951,613952,613953,613954,613941,613955,613957,613958,613959,613963,613964,613965,613966,613967,613968,613969,613970,613974,613975,613956,613940,561610,561609,561580,561581,561582,561583,561584,561585,561586,561587,561588,561589,561590,561591,561592,561593,561594,561595,561596,561597,561598,561599,561600,561601,561602,561603,561604,561605,561606,561607,561608,613939,646589,646590,646591,613900,613901,613902,613903,613904,613905,613906,613907,613908,613909,613910,613911,613912,613899,613913,646639,646638,646637,646636,646635,646634,646633,646632,646631,646630,646629,646628,646627,613914,613898,613897,646640,646669,646668,646667,646666,646665,646664,646663,646662,646661,646660,646659,646658,646657,646656,646655,646654,646653,646652,646651,646650,646649,646648,646647,646646,646645,646644,646643,646642,646641,379416,379415,379414,646626,379399,646612,646611,646610,646609,646608,646602,646601,613921,613922,365150,365151,365152,365153,365154,365155,365156,646600,646599,646598,646597,646596,646595,646594,646593,613923,613924,613925,646592,613920,613896,613919,613917,646625,646624,646623,646622,646621,646620,646619,646618,646617,646616,646615,646614,646613,379413,379412,379411,379410,379409,379408,379407,379406,379405,379404,379403,379402,379401,379400,613915,613916,613918,653800,594461,540167,486978,486979,486980,486981,486982,486983,486984,486985,486986,486987,486988,486989,486990,486991,486992,486993,486994,487008,487007,487006,487005,487004,487003,486977,487002,487000,486999,486998,486997,486996,486995,487001,486976,486975,486974,486955,486954,486953,486952,486951,486950,486956,486949,486947,486946,486945,486944,486943,486942,486948,487009,486957,486959,486973,486972,486971,486970,486969,486968,486958,486967,486965,486964,486963,486962,486961,486960,486966,487010,487011,487012,426553,426554,426555,426556,426557,426558,426552,426559,426561,426562,426563,426564,426565,426566,426560,426567,426551,426549,426535,426536,426537,426538,426539,426540,426550,426541,426543,426544,426545,426546,426547,426548,426542,486941,426568,426570,426596,426597,426598,426599,487022,487021,426595,487020,487018,487017,487016,487015,487014,487013,487019,426569,426594,426592,426571,426572,426573,426574,426575,426583,426593,426584,426586,426587,426588,426589,426590,426591,426585,486940,486939,486938,486847,486846,486845,486844,486843,486842,486848,486841,486839,486838,486837,486836,486835,486834,486840,486833,486849,486851,486865,486864,486863,486862,486861,486860,486850,486859,486857,486856,486855,486854,486853,486852,486858,486866,486832,486830,486811,486810,486809,486808,486807,486806,486812,486805,485998,485997,485996,485995,485994,485993,486804,486831,486813,486815,486829,486828,486827,486826,486825,486824,486814,486823,486821,486820,486819,486818,486817,486816,486822,426534,486867,486869,486919,486918,486917,486916,486915,486914,486920,486913,486911,486910,486909,486908,486907,486906,486912,486905,486921,486923,486937,486936,486935,486934,486933,486932,486922,486931,486929,486928,486927,486926,486925,486924,486930,486868,486904,486902,486883,486882,486881,486880,486879,486878,486884,486877,486875,486874,486873,486872,486871,486870,486876,486903,486885,486887,486901,486900,486899,486898,486897,486896,486886,486895,486893,486892,486891,486890,486889,486888,486894,426533,426532,426531,487923,487922,487921,487920,487919,487918,487924,487917,487915,487914,487913,487912,487911,487910,487916,487909,487925,487927,487941,487940,487939,487938,487937,487936,487926,487935,487933,487932,487931,487930,487929,487928,487934,487942,487908,487906,487887,487886,487885,487884,487883,487882,487888,487881,487879,487878,487877,487876,487875,487874,487880,487907,487889,487891,487905,487904,487903,487902,487901,487900,487890,487899,487897,487896,487895,487894,487893,487892,487898,487873,487943,487945,487995,487994,487993,487992,487991,487990,487996,487989,487987,487986,487985,487984,487983,487982,487988,487981,487997,487999,488013,488012,488011,488010,488009,488008,487998,488007,488005,488004,488003,488002,488001,488000,488006,487944,487980,487978,487959,487958,487957,487956,487955,487954,487960,487953,487951,487950,487949,487948,487947,487946,487952,487979,487961,487963,487977,487976,487975,487974,487973,487972,487962,487971,487969,487968,487967,487966,487965,487964,487970,485992,487872,487870,426481,426482,426483,426484,426485,426486,426480,426487,426489,426490,426491,426492,426493,426494,426488,426495,426479,426477,426463,426464,426465,426466,426467,426468,426478,426469,426471,426472,426473,426474,426475,426476,426470,426462,426496,426498,426517,426518,426519,426520,426521,426522,426516,426523,426525,426526,426527,426528,426529,426530,426524,426497,426515,426513,426499,426500,426501,426502,426503,426504,426514,426505,426507,426508,426509,426510,426511,426512,426506,487871,426461,426459,487851,487850,487849,487848,487847,487846,487852,487845,487843,487842,487841,487840,487839,487838,487844,487837,487853,487855,487869,487868,487867,487866,487865,487864,487854,487863,487861,487860,487859,487858,487857,487856,487862,426460,487836,487834,426445,426446,426447,426448,426449,426450,426444,426451,426453,426454,426455,426456,426457,426458,426452,487835,426443,426441,487833,487832,487831,487830,487829,426413,426442,426414,426416,426417,426418,426419,426439,426440,426415,485991,485990,485989,484968,484967,484966,484965,484964,484963,484969,484962,484960,484959,484958,484957,484956,484955,484961,484954,484970,484972,427611,427612,427613,427614,427615,427616,484971,427617,427619,427620,427621,427622,427623,484973,427618,427610,484953,484951,484932,484931,484930,484929,484928,484927,484933,484926,484924,484923,484922,484921,484920,484919,484925,484952,484934,484936,484950,484949,484948,484947,484946,484945,484935,484944,484942,484941,484940,484939,484938,484937,484943,484918,427609,427607,427551,427552,427553,427554,427555,427556,427550,427557,427559,427560,427561,427562,427563,427564,427558,427565,427549,427547,427533,427534,427535,427536,427537,427538,427548,427539,427541,427542,427543,427544,427545,427546,427540,427608,427566,427568,427587,427588,427589,427590,427591,427592,427586,427593,427595,427596,427597,427598,427599,427600,427594,427567,427585,427583,427569,427570,427571,427572,427573,427574,427584,427575,427577,427578,427579,427580,427581,427582,427576,427532,484917,484915,484824,484823,484822,484821,484820,484819,484825,484818,484816,484815,484814,484813,484812,484811,484817,484810,484826,484828,484842,484841,484840,484839,484838,484837,484827,484836,484834,484833,484832,484831,484830,484829,484835,484843,484809,484807,484788,484787,484786,484785,484784,484783,484789,484782,484780,484779,484778,484777,484776,484775,484781,484808,484790,484792,484806,484805,484804,484803,484802,484801,484791,484800,484798,484797,484796,484795,484794,484793,484799,484916,484844,484846,484896,484895,484894,484893,484892,484891,484897,484890,484888,484887,484886,484885,484884,484883,484889,484882,484898,484900,484914,484913,484912,484911,484910,484909,484899,484908,484906,484905,484904,484903,484902,484901,484907,484845,484881,484879,484860,484859,484858,484857,484856,484855,484861,484854,484852,484851,484850,484849,484848,484847,484853,484880,484862,484864,484878,484877,484876,484875,484874,484873,484863,484872,484870,484869,484868,484867,484866,484865,484871,488014,427531,427529,485898,485897,485896,485895,485894,485893,485899,485892,485890,485889,485888,485887,485886,485885,485891,485884,485900,485902,485916,485915,485914,485913,485912,485911,485901,485910,485908,485907,485906,485905,485904,485903,485909,485917,485883,485881,485862,485861,485860,485859,485858,485857,485863,485856,485854,485853,485852,485851,485850,485849,485855,485882,485864,485866,485880,485879,485878,485877,485876,485875,485865,485874,485872,485871,485870,485869,485868,485867,485873,485848,485918,485920,485970,485969,485968,485967,485966,485965,485971,485964,485962,485961,485960,485959,485958,485957,485963,485956,485972,485974,485988,485987,485986,485985,485984,485983,485973,485982,485980,485979,485978,485977,485976,485975,485981,485919,485955,485953,485934,485933,485932,485931,485930,485929,485935,485928,485926,485925,485924,485923,485922,485921,485927,485954,485936,485938,485952,485951,485950,485949,485948,485947,485937,485946,485944,485943,485942,485941,485940,485939,485945,427530,485847,485845,427479,427480,427481,427482,427483,427484,427478,427485,427487,427488,427489,427490,427491,427492,427486,427493,427477,427475,427444,427462,427463,427464,427465,427466,427476,427467,427469,427470,427471,427472,427473,427474,427468,427443,427494,427496,427515,427516,427517,427518,427519,427520,427514,427521,427523,427524,427525,427526,427527,427528,427522,427495,427513,427511,427497,427498,427499,427500,427501,427502,427512,427503,427505,427506,427507,427508,427509,427510,427504,485846,427442,427440,485826,485825,485824,485823,485822,485821,485827,485820,485818,485817,485816,485815,485814,485813,485819,485812,485828,485830,485844,485843,485842,485841,485840,485839,485829,485838,485836,485835,485834,485833,485832,485831,485837,427441,485811,485809,485790,485789,485788,485787,485786,485785,485791,485784,485782,485781,485780,485779,427438,427439,485783,485810,485792,485794,485808,485807,485806,485805,485804,485803,485793,485802,485800,485799,485798,485797,485796,485795,485801,488015,488016,488017,424393,424394,424395,424396,424397,424398,424392,424399,424401,424402,424403,424404,424405,424406,424400,424407,424391,424384,490904,490903,490902,490901,490900,424365,424385,424366,424368,424379,424380,424381,424382,424383,424367,490905,424408,424410,424429,424430,424431,424432,424433,424434,424428,424435,424437,424438,424439,424440,424441,424442,424436,424409,424427,424425,424411,424412,424413,424414,424415,424416,424426,424417,424419,424420,424421,424422,424423,424424,424418,424443,490906,490908,490958,490957,490956,490955,490954,490953,490959,490952,490950,490949,490948,490947,490946,490945,490951,490944,490960,490962,490976,490975,490974,490973,490972,490971,490961,490970,490968,490967,490966,490965,490964,490963,490969,490907,490943,490941,490922,490921,490920,490919,490918,490917,490923,490916,490914,490913,490912,490911,490910,490909,490915,490942,490924,490926,490940,490939,490938,490937,490936,490935,490925,490934,490932,490931,490930,490929,490928,490927,490933,490977,424444,424446,424546,424547,424548,424549,424550,424551,424545,490092,490090,490089,490088,490087,490086,490085,490091,490084,424544,424542,424519,424520,424521,424522,424523,424524,424543,424525,424536,424537,424538,424539,424540,424541,424526,424518,490083,490081,490062,490061,490060,490059,490058,490057,490063,490056,490054,490053,490052,490051,490050,490049,490055,490082,490064,490066,490080,490079,490078,490077,490076,490075,490065,490074,490072,490071,490070,490069,490068,490067,490073,424445,424517,424515,424465,424466,424467,424468,424469,424470,424464,424471,424473,424474,424475,424476,424477,424478,424472,424479,424463,424461,424447,424448,424449,424450,424451,424452,424462,424453,424455,424456,424457,424458,424459,424460,424454,424516,424480,424482,424501,424502,424503,424504,424505,424506,424500,424507,424509,424510,424511,424512,424513,424514,424508,424481,424499,424497,424483,424484,424485,424486,424487,424488,424498,424489,424491,424492,424493,424494,424495,424496,424490,490048,490978,490980,491933,491932,491931,491930,491929,491928,491934,491927,491925,423468,423469,423470,423471,423472,491926,423473,491935,491937,491951,491950,491949,491948,491947,491946,491936,491945,491943,491942,491941,491940,491939,491938,491944,491952,423474,423476,423495,423496,423497,423498,423499,423500,423494,423501,423512,423513,423514,423515,423516,423517,423502,423475,423493,423491,423477,423478,423479,423480,423481,423482,423492,423483,423485,423486,423487,423488,423489,423490,423484,423518,491953,491955,492005,492004,492003,492002,492001,492000,492006,491999,491997,491996,491995,491994,491993,491992,491998,491991,492007,492009,492023,492022,492021,492020,492019,492018,492008,492017,492015,492014,492013,492012,492011,492010,492016,491954,491990,491988,491969,491968,491967,491966,491965,491964,491970,491963,491961,491960,491959,491958,491957,491956,491962,491989,491971,491973,491987,491986,491985,491984,491983,491982,491972,491981,491979,491978,491977,491976,491975,491974,491980,490979,423519,423521,491030,491029,491028,491027,491026,491025,491031,491024,491022,491021,491020,491019,491018,491017,491023,491016,491032,491034,491048,491047,491046,491045,491044,491043,491033,491042,491040,491039,491038,491037,491036,491035,491041,491049,491015,491013,490994,490993,490992,490991,490990,490989,490995,490988,490986,490985,490984,490983,490982,490981,490987,491014,490996,490998,491012,491011,491010,491009,491008,491007,490997,491006,491004,491003,491002,491001,491000,490999,491005,423520,491050,491052,491102,491101,491100,491099,491098,491097,491103,491096,491094,491093,491092,491091,491090,491089,491095,491088,491104,491106,423522,423523,423524,423525,423526,491115,491105,491114,491112,491111,491110,491109,491108,491107,491113,491051,491087,491085,491066,491065,491064,491063,491062,491061,491067,491060,491058,491057,491056,491055,491054,491053,491059,491086,491068,491070,491084,491083,491082,491081,491080,491079,491069,491078,491076,491075,491074,491073,491072,491071,491077,484774,490047,490045,488864,488863,488862,488861,488860,488859,488865,488858,488856,488855,488854,488853,425415,425416,488857,425417,488866,488868,488882,488881,488880,488879,488878,488877,488867,488876,488874,488873,488872,488871,488870,488869,488875,488883,425418,425420,425439,425440,425441,425442,425443,425444,425438,425445,425447,425448,425449,425450,425451,425452,425446,425419,425437,425435,425421,425422,425423,425424,425425,425426,425436,425427,425429,425430,425431,425432,425433,425434,425428,425453,488884,488886,488936,488935,488934,488933,488932,488931,488937,488930,488928,488927,488926,488925,488924,488923,488929,488922,488938,488940,488954,488953,488952,488951,488950,488949,488939,488948,488946,488945,488944,488943,488942,488941,488947,488885,488921,488919,488900,488899,488898,488897,488896,488895,488901,488894,488892,488891,488890,488889,488888,488887,488893,488920,488902,488904,488918,488917,488916,488915,488914,488913,488903,488912,488910,488909,488908,488907,488906,488905,488911,488955,425454,425456,425547,425548,425549,425550,425551,425560,425546,425561,425563,425564,425565,425566,425567,425568,425562,425569,425545,425543,425529,425530,425531,425532,425533,425534,425544,425535,425537,425538,425539,425540,425541,425542,425536,425528,425570,425572,488031,488030,488029,488028,488027,488026,488032,488025,488023,488022,488021,488020,488019,488018,488024,425571,488033,488035,425573,425574,425575,488046,488045,488044,488034,488043,488041,488040,488039,488038,488037,488036,488042,425455,425527,425525,425475,425476,425477,425478,425479,425480,425474,425481,425483,425484,425485,425486,425487,425488,425482,425489,425473,425471,425457,425458,425459,425460,425461,425462,425472,425463,425465,425466,425467,425468,425469,425470,425464,425526,425490,425492,425511,425512,425513,425514,425515,425516,425510,425517,425519,425520,425521,425522,425523,425524,425518,425491,425509,425507,425493,425494,425495,425496,425497,425498,425508,425499,425501,425502,425503,425504,425505,425506,425500,490046,488956,488958,489954,489953,489952,489951,489950,489949,489955,489948,489946,489945,489944,489943,489942,489941,489947,489940,489956,489958,489972,489971,489970,489969,489968,489967,489957,489966,489964,489963,489962,489961,489960,489959,489965,489973,489939,489937,489918,489917,489916,489915,489914,489913,489919,489912,489910,489909,489908,489907,489906,489905,489911,489938,489920,489922,489936,489935,489934,489933,489932,489931,489921,489930,489928,489927,489926,489925,489924,489923,489929,489904,489974,489976,490026,490025,490024,490023,490022,490021,490027,490020,490018,490017,490016,490015,490014,490013,490019,490012,490028,490030,490044,490043,490042,490041,490040,490039,490029,490038,490036,490035,490034,490033,490032,490031,490037,489975,490011,490009,489990,489989,489988,489987,489986,489985,489991,489984,489982,489981,489980,489979,489978,489977,489983,490010,489992,489994,490008,490007,490006,490005,490004,490003,489993,490002,490000,489999,489998,489997,489996,489995,490001,488957,489903,489901,489008,489007,489006,489005,489004,489003,489009,489002,489000,488999,488998,488997,488996,488995,489001,488994,489010,489012,489026,489025,489024,489023,489022,489021,489011,489020,489018,489017,489016,489015,489014,489013,489019,489027,488993,488991,488972,488971,488970,488969,488968,488967,488973,488966,488964,488963,488962,488961,488960,488959,488965,488992,488974,488976,488990,488989,488988,488987,488986,488985,488975,488984,488982,488981,488980,488979,488978,488977,488983,489902,489028,489030,489882,489881,489880,489879,489878,489877,489883,489876,425390,425391,425392,489069,489068,489067,425389,489066,489884,489886,489900,489899,489898,489897,489896,489895,489885,489894,489892,489891,489890,489889,489888,489887,489893,489029,489065,489063,489044,489043,489042,489041,489040,489039,489045,489038,489036,489035,489034,489033,489032,489031,489037,489064,489046,489048,489062,489061,489060,489059,489058,489057,489047,489056,489054,489053,489052,489051,489050,489049,489055,484773,484772,484771,479735,479734,479733,479732,479731,479730,479736,479729,479727,479726,479725,479724,479723,479722,479728,479721,479737,479739,479753,479752,479751,479750,479749,479748,479738,479747,479745,479744,479743,479742,479741,479740,479746,479754,479720,479718,479699,479698,479697,479696,479695,479694,479700,479693,479691,479690,479689,479688,479687,479686,479692,479719,479701,479703,479717,479716,479715,479714,479713,479712,479702,479711,479709,479708,479707,479706,479705,479704,479710,479685,479755,479757,479807,479806,479805,479804,479803,479802,479808,479801,479799,479798,479797,479796,479795,479794,479800,479793,479809,479811,479825,479824,479823,479822,479821,479820,479810,479819,479817,479816,479815,479814,479813,479812,479818,479756,479792,479790,479771,479770,479769,479768,479767,479766,479772,479765,479763,479762,479761,479760,479759,479758,479764,479791,479773,479775,479789,479788,479787,479786,479785,479784,479774,479783,479781,479780,479779,479778,479777,479776,479782,479826,479684,479682,431578,431579,431580,431581,431582,431583,431577,431584,431586,431587,431588,431589,431590,431591,431585,431592,431576,431574,431560,431561,431562,431563,431564,431565,431575,431566,431568,431569,431570,431571,431572,431573,431567,431559,431593,431595,431614,431615,431616,431617,431618,431619,431613,431620,431622,431623,431624,431625,431626,431627,431621,431594,431612,431610,431596,431597,431598,431599,431600,431601,431611,431602,431604,431605,431606,431607,431608,431609,431603,479683,431558,431556,479663,479662,479661,479660,479659,479658,479664,479657,479655,479654,479653,479652,479651,479650,479656,479649,479665,479667,479681,479680,479679,479678,479677,479676,479666,479675,479673,479672,479671,479670,479669,479668,479674,431557,479648,479646,479627,431534,431535,431536,431537,431538,479628,431539,431541,431542,431552,431553,431554,431555,431540,479647,479629,479631,479645,479644,479643,479642,479641,479640,479630,479639,479637,479636,479635,479634,479633,479632,479638,431628,479827,479829,480767,480766,480765,480764,480763,480762,480768,480761,480759,480758,480757,480756,480755,480754,480760,480753,480769,480771,480785,480784,480783,480782,480781,480780,480770,480779,480777,480776,480775,480774,480773,480772,480778,480786,480752,480750,480731,480730,480729,480728,480727,480726,480732,480725,480723,480722,480721,480720,480719,480718,480724,480751,480733,480735,480749,480748,480747,480746,480745,480744,480734,480743,480741,480740,480739,480738,480737,480736,480742,480717,480787,480789,480839,480838,480837,480836,480835,480834,480840,480833,480831,480830,480829,480828,480827,480826,480832,480825,480841,480843,480857,480856,480855,480854,480853,480852,480842,480851,480849,480848,480847,480846,480845,480844,480850,480788,480824,480822,480803,480802,480801,480800,480799,480798,480804,480797,480795,480794,480793,480792,480791,480790,480796,480823,480805,480807,480821,480820,480819,480818,480817,480816,480806,480815,480813,480812,480811,480810,480809,480808,480814,479828,480716,480714,430663,430664,430665,430666,430667,430668,430662,430669,430671,430672,430679,430680,430681,430682,430670,430683,430661,430659,430645,430646,430647,430648,430649,430650,430660,430651,430653,430654,430655,430656,430657,430658,430652,430644,430684,430686,479843,479842,479841,479840,479839,479838,479844,479837,479835,479834,479833,479832,479831,479830,479836,430685,479845,479847,430687,430688,430689,430690,430691,430692,479846,430693,430695,430696,479851,479850,479849,479848,430694,480715,430643,430641,480695,480694,480693,480692,480691,480690,480696,480689,480687,480686,480685,480684,480683,480682,480688,480681,480697,480699,480713,480712,480711,480710,480709,480708,480698,480707,480705,480704,480703,480702,480701,480700,480706,430642,480680,480678,480659,480658,480657,480656,480655,480654,480660,480653,430635,430636,430637,430638,430639,430640,480652,480679,480661,480663,480677,480676,480675,480674,480673,480672,480662,480671,480669,480668,480667,480666,480665,480664,480670,480858,431629,431631,432632,432633,432634,432635,432636,432637,432631,432638,432640,432641,432642,432643,432644,432645,432639,432646,432630,432628,432614,432615,432616,432617,432618,432619,432629,432620,432622,432623,432624,432625,432626,432627,432621,432613,432647,432649,477791,477790,477789,477788,477787,477786,477792,477785,477783,477782,477781,477780,477779,477778,477784,432648,477793,477795,432650,432651,432652,432653,432654,432655,477794,477803,477801,477800,477799,477798,477797,477796,477802,477777,432612,432610,478603,478602,432557,432558,432559,432560,478604,432561,432563,432564,432565,432566,432567,432568,432562,432574,478605,478607,478621,478620,478619,478618,478617,478616,478606,478615,478613,478612,478611,478610,478609,478608,478614,432611,432575,432577,432596,432597,432598,432599,432600,432601,432595,432602,432604,432605,432606,432607,432608,432609,432603,432576,432594,432592,432578,432579,432580,432581,432582,432583,432593,432584,432586,432587,432588,432589,432590,432591,432585,478622,477776,477774,477683,477682,477681,477680,477679,477678,477684,477677,477675,477674,477673,477672,477671,477670,477676,477669,477685,477687,477701,477700,477699,477698,477697,477696,477686,477695,477693,477692,477691,477690,477689,477688,477694,477702,477668,477666,477647,477646,477645,477644,477643,477642,477648,477641,477639,477638,477637,477636,477635,477634,477640,477667,477649,477651,477665,477664,477663,477662,477661,477660,477650,477659,477657,477656,477655,477654,477653,477652,477658,477775,477703,477705,477755,477754,477753,477752,477751,477750,477756,477749,477747,477746,477745,477744,477743,477742,477748,477741,477757,477759,477773,477772,477771,477770,477769,477768,477758,477767,477765,477764,477763,477762,477761,477760,477766,477704,477740,477738,477719,477718,477717,477716,477715,477714,477720,477713,477711,477710,477709,477708,477707,477706,477712,477739,477721,477723,477737,477736,477735,477734,477733,477732,477722,477731,477729,477728,477727,477726,477725,477724,477730,431630,478623,478625,478819,478818,478817,478816,478815,478814,478820,478813,478811,478810,478809,478808,478807,478806,478812,478805,478821,478823,431711,431712,431713,431714,431715,431716,478822,431717,431719,431720,478827,478826,478825,478824,431718,431710,478804,478802,478783,478782,478781,478780,478779,478778,478784,478777,478775,478774,478773,478772,478771,478770,478776,478803,478785,478787,478801,478800,478799,478798,478797,478796,478786,478795,478793,478792,478791,478790,478789,478788,478794,478769,431709,431707,431650,431651,431652,431653,431654,431655,431649,431656,431658,431659,431660,431661,431662,431663,431657,431664,431648,431646,431632,431633,431634,431635,431636,431637,431647,431638,431640,431641,431642,431643,431644,431645,431639,431708,431665,431667,431686,431687,431688,431689,431690,431691,431685,431692,431694,431695,431696,431704,431705,431706,431693,431666,431684,431682,431668,431669,431670,431671,431672,431673,431683,431674,431676,431677,431678,431679,431680,431681,431675,478624,478768,478766,478675,478674,478673,478672,478671,478670,478676,478669,478667,478666,478665,478664,478663,478662,478668,478661,478677,478679,478693,478692,478691,478690,478689,478688,478678,478687,478685,478684,478683,478682,478681,478680,478686,478694,478660,478658,478639,478638,478637,478636,478635,478634,478640,478633,478631,478630,478629,478628,478627,478626,478632,478659,478641,478643,478657,478656,478655,478654,478653,478652,478642,478651,478649,478648,478647,478646,478645,478644,478650,478767,478695,478697,478747,478746,478745,478744,478743,478742,478748,478741,478739,478738,478737,478736,478735,478734,478740,478733,478749,478751,478765,478764,478763,478762,478761,478760,478750,478759,478757,478756,478755,478754,478753,478752,478758,478696,478732,478730,478711,478710,478709,478708,478707,478706,478712,478705,478703,478702,478701,478700,478699,478698,478704,478731,478713,478715,478729,478728,478727,478726,478725,478724,478714,478723,478721,478720,478719,478718,478717,478716,478722,492024,480859,480861,428615,428616,428617,428618,428619,428620,428614,428621,428623,428624,428625,428630,428631,428632,428622,428633,428613,428611,483727,428598,428599,428600,428601,428602,428612,428603,428605,428606,428607,428608,428609,428610,428604,483728,428634,428636,482917,482916,482915,482914,482913,482912,482918,482911,482909,482908,482907,482906,482905,482904,482910,428635,482919,482921,428637,428638,428639,428640,428641,428642,482920,428643,428645,428646,428647,428648,482923,482922,428644,482903,483729,483731,483781,483780,483779,483778,483777,483776,483782,483775,483773,483772,483771,483770,483769,483768,483774,483767,483783,483785,483799,483798,483797,483796,483795,483794,483784,483793,483791,483790,483789,483788,483787,483786,483792,483730,483766,483764,483745,483744,483743,483742,483741,483740,483746,483739,483737,483736,483735,483734,483733,483732,483738,483765,483747,483749,483763,483762,483761,483760,483759,483758,483748,483757,483755,483754,483753,483752,483751,483750,483756,483800,482902,482900,482809,482808,482807,482806,482805,482804,482810,482803,482801,482800,482799,482798,482797,482796,482802,482795,482811,482813,482827,482826,482825,482824,482823,482822,482812,482821,482819,482818,482817,482816,482815,482814,482820,482828,482794,482792,482773,482772,482771,482770,482769,482768,482774,482767,482765,482764,482763,482762,482761,482760,482766,482793,482775,482777,482791,482790,482789,482788,482787,482786,482776,482785,482783,482782,482781,482780,482779,482778,482784,482901,482829,482831,482881,482880,482879,482878,482877,482876,482882,482875,482873,482872,482871,482870,482869,482868,482874,482867,482883,482885,482899,482898,482897,482896,482895,482894,482884,482893,482891,482890,482889,482888,482887,482886,482892,482830,482866,482864,482845,482844,482843,482842,482841,482840,482846,482839,482837,482836,482835,482834,482833,482832,482838,482865,482847,482849,482863,482862,482861,482860,482859,482858,482848,482857,482855,482854,482853,482852,482851,482850,482856,482759,483801,483803,428549,428550,428551,428552,428553,428554,428548,428555,428557,428558,428559,428560,428561,428562,428556,428563,428547,428545,428531,428532,428533,428534,428535,428536,428546,428537,428539,428540,428541,428542,428543,428544,428538,428530,428564,428566,428585,428586,428587,428588,428589,428590,428584,428591,428593,428594,428595,428596,428597,483948,428592,428565,428583,428581,428567,428568,428569,428570,428571,428572,428582,428573,428575,428576,428577,428578,428579,428580,428574,483947,428529,428527,484752,428463,428464,428465,428466,428467,484753,428468,428485,428486,428487,428488,428489,428490,428484,428491,484754,484756,484770,484769,484768,484767,484766,484765,484755,484764,484762,484761,484760,484759,484758,484757,484763,428528,428492,428494,428513,428514,428515,428516,428517,428518,428512,428519,428521,428522,428523,428524,428525,428526,428520,428493,428511,428509,428495,428496,428497,428498,428499,428500,428510,428501,428503,428504,428505,428506,428507,428508,428502,483802,483946,483944,483853,483852,483851,483850,483849,483848,483854,483847,483845,483844,483843,483842,483841,483840,483846,483839,483855,483857,483871,483870,483869,483868,483867,483866,483856,483865,483863,483862,483861,483860,483859,483858,483864,483872,483838,483836,483817,483816,483815,483814,483813,483812,483818,483811,483809,483808,483807,483806,483805,483804,483810,483837,483819,483821,483835,483834,483833,483832,483831,483830,483820,483829,483827,483826,483825,483824,483823,483822,483828,483945,483873,483875,483925,483924,483923,483922,483921,483920,483926,483919,483917,483916,483915,483914,483913,483912,483918,483911,483927,483929,483943,483942,483941,483940,483939,483938,483928,483937,483935,483934,483933,483932,483931,483930,483936,483874,483910,483908,483889,483888,483887,483886,483885,483884,483890,483883,483881,483880,483879,483878,483877,483876,483882,483909,483891,483893,483907,483906,483905,483904,483903,483902,483892,483901,483899,483898,483897,483896,483895,483894,483900,480860,482758,482756,481743,481742,481741,481740,481739,481738,481744,481737,481735,481734,481733,481732,481731,481730,481736,481729,481745,481747,481761,481760,481759,481758,481757,481756,481746,481755,481753,481752,481751,481750,481749,481748,481754,481762,481728,481726,481707,481706,481705,481704,481703,481702,481708,481701,481699,481698,481697,481696,481695,481694,481700,481727,481709,481711,481725,481724,481723,481722,481721,481720,481710,481719,481717,481716,481715,481714,481713,481712,481718,481693,481763,481765,481815,481814,481813,481812,481811,481810,481816,481809,481807,481806,481805,481804,481803,481802,481808,481801,481817,481819,481833,481832,481831,481830,481829,481828,481818,481827,481825,481824,481823,481822,481821,481820,481826,481764,481800,481798,481779,481778,481777,481776,481775,481774,481780,481773,481771,481770,481769,481768,481767,481766,481772,481799,481781,481783,481797,481796,481795,481794,481793,481792,481782,481791,481789,481788,481787,481786,481785,481784,481790,481834,481692,481690,430599,430600,430601,430602,430603,430604,430598,430605,430607,430608,430609,430610,430611,430612,430606,430613,430597,430595,430581,430582,430583,430584,430585,430586,430596,430587,430589,430590,430591,430592,430593,430594,430588,430580,430614,430616,480875,480874,480873,480872,480871,480870,430634,480869,480867,480866,480865,480864,480863,480862,480868,430615,430633,430631,430617,430618,430619,430620,430621,430622,430632,430623,430625,430626,430627,430628,430629,430630,430624,481691,430579,430577,430516,430528,430529,430530,430531,430532,430515,430533,430535,430536,430537,430538,430539,430540,430534,430541,430514,430512,481689,481688,481687,481686,481685,481684,430513,481683,481681,481680,481679,481678,481677,430511,481682,430578,430542,430544,430563,430564,430565,430566,430567,430568,430562,430569,430571,430572,430573,430574,430575,430576,430570,430543,430561,430559,430545,430546,430547,430548,430549,430550,430560,430551,430553,430554,430555,430556,430557,430558,430552,482757,481835,481837,429537,429538,429539,429540,429541,429542,429536,429543,429545,429546,429547,429548,429549,429550,429544,429551,429535,429533,429519,429520,429521,429522,429523,429524,429534,429525,429527,429528,429529,429530,429531,429532,429526,429518,429552,429554,429573,429574,429575,429576,429577,429578,429572,429579,429581,429582,429583,429584,429585,429586,429580,429553,429571,429569,429555,429556,429557,429558,429559,429560,429570,429561,429563,429564,429565,429566,429567,429568,429562,429587,429517,429515,482737,482736,482735,482734,482733,482732,482738,482731,482729,482728,482727,482726,482725,482724,482730,482723,482739,482741,482755,482754,482753,482752,482751,482750,482740,482749,482747,482746,482745,482744,482743,482742,482748,429516,482722,482720,429488,429489,429490,429491,429492,429506,482702,429507,429509,429510,429511,429512,429513,429514,429508,482721,482703,482705,482719,482718,482717,482716,482715,482714,482704,482713,482711,482710,482709,482708,482707,482706,482712,481836,429588,429590,481887,481886,481885,481884,481883,481882,481888,481881,481879,481878,481877,481876,481875,481874,481880,481873,481889,481891,429667,429668,429669,429670,429671,429672,481890,481899,481897,481896,481895,481894,481893,481892,481898,429666,481872,481870,481851,481850,481849,481848,481847,481846,481852,481845,481843,481842,481841,481840,481839,481838,481844,481871,481853,481855,481869,481868,481867,481866,481865,481864,481854,481863,481861,481860,481859,481858,481857,481856,481862,429589,429665,429663,429609,429610,429611,429612,429613,429614,429608,429615,429617,429618,429619,429620,429621,429622,429616,429623,429607,429605,429591,429592,429593,429594,429595,429596,429606,429597,429599,429600,429601,429602,429603,429604,429598,429664,429624,429626,429645,429646,429647,429648,429649,429654,429644,429655,429657,429658,429659,429660,429661,429662,429656,429625,429643,429641,429627,429628,429629,429630,429631,429632,429642,429633,429635,429636,429637,429638,429639,429640,429634,477633,492025,492027,417288,417287,417286,417285,417284,417283,417282,417281,417280,417279,417278,417277,417276,417275,417274,417273,417272,417258,417259,417260,417261,417262,417263,417289,417264,417266,417267,417268,417269,417270,417271,417265,417290,417291,417292,417311,417312,417313,417314,417315,417316,417310,417317,417319,417320,417321,417322,417323,417324,417318,417257,417309,417307,417293,417294,417295,417296,417297,417298,417308,417299,417301,417302,417303,417304,417305,417306,417300,417256,417255,417254,502173,502172,502171,502170,502169,417209,502174,417210,417212,417213,417214,417215,417216,417217,417211,417218,502175,502177,502191,502190,502189,502188,502187,502186,502176,502185,502183,502182,502181,502180,502179,502178,502184,417325,417219,417221,417240,417241,417242,417243,417244,417245,417239,417246,417248,417249,417250,417251,417252,417253,417247,417220,417238,417236,417222,417223,417224,417225,417226,417227,417237,417228,417230,417231,417232,417233,417234,417235,417229,417326,417327,417328,501327,501326,501325,501324,501323,501322,501328,501321,501319,501318,501317,501316,501315,501314,501320,501313,501329,501331,501345,501344,501343,501342,501341,501340,501330,501339,501337,501336,501335,501334,501333,501332,501338,501346,501312,501310,501291,501290,501289,501288,501287,501286,501292,501285,501283,501282,501281,501280,501279,501278,501284,501311,501293,501295,501309,501308,501307,501306,501305,501304,501294,501303,501301,501300,501299,501298,501297,501296,501302,502192,501347,501349,417347,417348,417349,417350,417351,417352,417346,417353,417355,417356,417357,417358,417359,417360,417354,417361,417345,417343,417329,417330,417331,417332,417333,417334,417344,417335,417337,417338,417339,417340,417341,417342,417336,501348,417362,417364,417383,417384,417385,417388,417389,417390,417382,417391,417393,417394,417395,417396,417397,501350,417392,417363,417381,417379,417365,417366,417367,417368,417369,417370,417380,417371,417373,417374,417375,417376,417377,417378,417372,502193,502194,502195,416361,416362,416363,416364,416365,416366,416360,416367,416369,416370,416371,416372,416373,416374,416368,416375,416359,416357,416343,416344,416345,416346,416347,416348,416358,416349,416351,416352,416353,416354,416355,416356,416350,416342,502374,502372,502353,502352,502351,502350,502349,502348,502354,502347,502345,502344,502343,502342,502341,502340,502346,502373,502355,502357,502371,502370,502369,502368,502367,502366,502356,502365,502363,502362,502361,502360,502359,502358,502364,502339,416341,416339,416289,416290,416291,416292,416293,416294,416288,416295,416297,416298,416299,416300,416301,416302,416296,416303,416287,416285,416271,416272,416273,416274,416275,416276,416286,416277,416279,416280,416281,416282,416283,416284,416278,416340,416304,416306,416325,416326,416327,416328,416329,416330,416324,416331,416333,416334,416335,416336,416337,416338,416332,416305,416323,416321,416307,416308,416309,416310,416311,416312,416322,416313,416315,416316,416317,416318,416319,416320,416314,501277,502338,502336,502245,502244,502243,502242,502241,502240,502246,502239,502237,502236,502235,502234,502233,502232,502238,502231,502247,502249,502263,502262,502261,502260,502259,502258,502248,502257,502255,502254,502253,502252,502251,502250,502256,502264,502230,502228,502209,502208,502207,502206,502205,502204,502210,502203,502201,502200,502199,502198,502197,502196,502202,502229,502211,502213,502227,502226,502225,502224,502223,502222,502212,502221,502219,502218,502217,502216,502215,502214,502220,502337,502265,502267,502317,502316,502315,502314,502313,502312,502318,502311,502309,502308,502307,502306,502305,502304,502310,502303,502319,502321,502335,502334,502333,502332,502331,502330,502320,502329,502327,502326,502325,502324,502323,502322,502328,502266,502302,502300,502281,502280,502279,502278,502277,502276,502282,502275,502273,502272,502271,502270,502269,502268,502274,502301,502283,502285,502299,502298,502297,502296,502295,502294,502284,502293,502291,502290,502289,502288,502287,502286,502292,501276,501275,501274,418276,418277,418278,418279,418280,418281,418275,418282,418284,418285,418286,418287,418288,418289,418283,418290,418274,418272,418258,418259,418260,418261,418262,418263,418273,418264,418266,418267,418268,418269,418270,418271,418265,418257,418291,418293,418312,418313,418314,418315,418316,418317,418311,418318,418320,418321,418322,418323,418324,418325,418319,418292,418310,418308,418294,418295,418296,418297,418298,418299,418309,418300,418302,418303,418304,418305,418306,418307,418301,418326,418256,418254,500150,500149,500148,500147,500146,500145,500151,500144,500142,500141,500140,500139,500138,500137,500143,500136,500152,500154,500168,500167,500166,500165,500164,500163,500153,500162,500160,500159,500158,500157,500156,500155,500161,418255,500135,500133,418238,418239,418240,418241,418242,418243,418237,418246,418248,418249,418250,418251,418252,418253,418247,500134,418236,418234,500132,500131,500130,500129,500128,500127,418235,500126,500124,500123,500122,500121,500120,418233,500125,500169,418327,418329,499290,499289,499288,499287,499286,499285,499291,499284,499282,499281,499280,499279,499278,499277,499283,499276,499292,499294,418402,418403,418404,418405,418406,418407,499293,499302,499300,499299,499298,499297,499296,499295,499301,418401,499275,499273,499254,499253,499252,499251,499250,499249,499255,499248,499246,499245,499244,499243,499242,499241,499247,499274,499256,499258,499272,499271,499270,499269,499268,499267,499257,499266,499264,499263,499262,499261,499260,499259,499265,418328,418400,418398,418348,418349,418350,418351,418352,418353,418347,418354,418356,418357,418358,418359,418360,418361,418355,418362,418346,418344,418330,418331,418332,418333,418334,418335,418345,418336,418338,418339,418340,418341,418342,418343,418337,418399,418363,418365,418384,418385,418386,418387,418388,418389,418383,418390,418392,418393,418394,418395,418396,418397,418391,418364,418382,418380,418366,418367,418368,418369,418370,418371,418381,418372,418374,418375,418376,418377,418378,418379,418373,416270,500170,500172,501183,501182,501181,501180,501179,501178,501184,501177,501175,501174,501173,501172,501171,501170,501176,501169,501185,501187,501201,501200,501199,501198,501197,501196,501186,501195,501193,501192,501191,501190,501189,501188,501194,501202,501168,501166,501147,501146,501145,501144,500326,500325,501148,500324,500322,500321,500320,500319,500318,500317,500323,501167,501149,501151,501165,501164,501163,501162,501161,501160,501150,501159,501157,501156,501155,501154,501153,501152,501158,500316,501203,501205,501255,501254,501253,501252,501251,501250,501256,501249,501247,501246,501245,501244,501243,501242,501248,501241,501257,501259,501273,501272,501271,501270,501269,501268,501258,501267,501265,501264,501263,501262,501261,501260,501266,501204,501240,501238,501219,501218,501217,501216,501215,501214,501220,501213,501211,501210,501209,501208,501207,501206,501212,501239,501221,501223,501237,501236,501235,501234,501233,501232,501222,501231,501229,501228,501227,501226,501225,501224,501230,500171,500315,500313,500222,500221,500220,500219,500218,500217,500223,500216,500214,500213,500212,500211,500210,500209,500215,500208,500224,500226,500240,500239,500238,500237,500236,500235,500225,500234,500232,500231,500230,500229,500228,500227,500233,500241,500207,500205,500186,500185,500184,500183,500182,500181,500187,500180,500178,500177,500176,500175,500174,500173,500179,500206,500188,500190,500204,500203,500202,500201,500200,500199,500189,500198,500196,500195,500194,500193,500192,500191,500197,500314,500242,500244,500294,500293,500292,500291,500290,500289,500295,500288,500286,500285,500284,500283,500282,500281,500287,500280,500296,500298,500312,500311,500310,500309,500308,500307,500297,500306,500304,500303,500302,500301,500300,500299,500305,500243,500279,500277,500258,500257,500256,500255,500254,500253,500259,500252,500250,500249,500248,500247,500246,500245,500251,500278,500260,500262,500276,500275,500274,500273,500272,500271,500261,500270,500268,500267,500266,500265,500264,500263,500269,416269,416268,416267,505336,505335,505334,505333,505332,505331,505337,505330,505328,505327,505326,505325,505324,505323,505329,505322,505338,505340,505354,505353,505352,505351,505350,505349,505339,505348,505346,505345,505344,505343,505342,505341,505347,505355,505321,505319,505300,505299,505298,505297,505296,505295,505301,505294,505292,505291,505290,505289,505288,505287,505293,505320,505302,505304,505318,505317,505316,505315,505314,505313,505303,505312,505310,505309,505308,505307,505306,505305,505311,505286,505356,505358,505408,505407,505406,505405,505404,505403,505409,505402,505400,505399,505398,505397,505396,505395,505401,505394,505410,505412,505426,505425,505424,505423,505422,505421,505411,505420,505418,505417,505416,505415,505414,505413,505419,505357,505393,505391,505372,505371,505370,505369,505368,505367,505373,505366,505364,505363,505362,505361,505360,505359,505365,505392,505374,505376,505390,505389,505388,505387,505386,505385,505375,505384,505382,505381,505380,505379,505378,505377,505383,505427,505285,505283,415212,415213,415214,415215,415216,415217,415211,415218,415220,415221,415222,415223,415224,415225,415219,415226,415210,415208,415194,415195,415196,415197,415198,415199,415209,415200,415202,415203,415204,415205,415206,415207,415201,415193,415227,415229,415248,415249,415250,415251,415252,415253,415247,415254,415256,415257,415258,415259,415260,415261,415255,415228,415246,415244,415230,415231,415232,415233,415234,415235,415245,415236,415238,415239,415240,415241,415242,415243,415237,505284,415192,415190,505264,505263,505262,505261,505260,505259,505265,505258,505256,505255,505254,505253,505252,505251,505257,505250,505266,505268,505282,505281,505280,505279,505278,505277,505267,505276,505274,505273,505272,505271,505270,505269,505275,415191,505249,505247,415176,415177,415178,415179,415180,415181,415175,415182,415184,415185,415186,415187,415188,415189,415183,505248,415173,415171,505246,505245,505244,415160,415161,415162,415172,415163,415165,415166,415167,415168,415169,415170,415164,415262,505428,505430,506402,506401,506400,506399,506398,506397,506403,506396,506394,506393,506392,506391,506390,506389,506395,506388,506404,506406,506420,506419,506418,506417,506416,506415,506405,506414,506412,506411,506410,506409,506408,506407,506413,506421,506387,506385,506366,506365,506364,506363,506362,506361,506367,506360,506358,506357,506356,506355,506354,506353,506359,506386,506368,506370,506384,506383,506382,506381,506380,506379,506369,506378,506376,506375,506374,506373,506372,506371,506377,506352,506422,506424,414262,414263,414264,414265,414266,506469,414261,506468,506466,414267,414268,414269,414270,414271,506467,414272,414260,414258,414244,414245,414246,414247,414248,414249,414259,414250,414252,414253,414254,414255,414256,414257,414251,506423,414273,506457,506438,506437,506436,506435,506434,506433,506439,506432,506430,506429,506428,506427,506426,506425,506431,414274,506440,506442,506456,506455,506454,506453,506452,506451,506441,506450,506448,506447,506446,506445,506444,506443,506449,505429,506351,506349,414284,414285,414286,414287,414288,414289,414283,414290,414292,414293,414294,414295,414296,414297,414291,414298,414282,414280,506276,506275,506274,506273,506272,506271,414281,506270,506268,414275,414276,414277,414278,414279,506269,506277,414299,414301,414320,414326,414327,414328,414329,505445,414319,505444,505442,505441,505434,505433,505432,505431,505443,414300,414318,414316,414302,414303,414304,414305,414306,414307,414317,414308,414310,414311,414312,414313,414314,414315,414309,506350,506278,506280,506330,506329,506328,506327,506326,506325,506331,506324,506322,506321,506320,506319,506318,506317,506323,506316,506332,506334,506348,506347,506346,506345,506344,506343,506333,506342,506340,506339,506338,506337,506336,506335,506341,506279,506315,506313,506294,506293,506292,506291,506290,506289,506295,506288,506286,506285,506284,506283,506282,506281,506287,506314,506296,506298,506312,506311,506310,506309,506308,506307,506297,506306,506304,506303,506302,506301,506300,506299,506305,499240,415263,415265,503317,503316,503315,503314,503313,503312,503318,503311,503309,503308,503307,503306,503305,503304,503310,503303,503319,503321,503335,503334,503333,503332,503331,503330,503320,503329,503327,503326,503325,503324,503323,503322,503328,503336,503302,503300,503281,503280,503279,503278,503277,503276,503282,503275,503273,503272,503271,503270,503269,503268,503274,503301,503283,503285,503299,503298,503297,503296,503295,503294,503284,503293,503291,503290,503289,503288,503287,503286,503292,503267,503337,503339,503389,503388,503387,503386,503385,503384,503390,503383,503381,503380,503379,503378,503377,503376,503382,503375,503391,503393,416188,416189,416190,416191,416192,416193,503392,416194,416196,503398,503397,503396,503395,503394,416195,503338,503374,503372,503353,503352,503351,503350,503349,503348,503354,503347,503345,503344,503343,503342,503341,503340,503346,503373,503355,503357,503371,503370,503369,503368,503367,503366,503356,503365,503363,503362,503361,503360,503359,503358,503364,416187,503266,503264,416217,416218,416219,416220,416221,416222,416216,416223,416225,416226,416227,416228,416229,416230,416224,416231,416215,416213,416199,416200,416201,416202,416203,416204,416214,416205,416207,416208,416209,416210,416211,416212,416206,416198,416232,416234,416253,416254,416255,416256,416257,416258,416252,416259,416261,416262,416263,416264,416265,416266,416260,416233,416251,416249,416235,416236,416237,416238,416239,416240,416250,416241,416243,416244,416245,416246,416247,416248,416242,503265,416197,503195,503245,503244,503243,503242,503241,503240,503246,503239,503237,503236,503235,503234,503233,503232,503238,503231,503247,503249,503263,503262,503261,503260,503259,503258,503248,503257,503255,503254,503253,503252,503251,503250,503256,503194,503230,503228,503209,503208,503207,503206,503205,503204,503210,503203,503201,503200,503199,503198,503197,503196,503202,503229,503211,503213,503227,503226,503225,503224,503223,503222,503212,503221,503219,503218,503217,503216,503215,503214,503220,415264,416186,504220,504418,504417,504416,504411,504410,504409,504419,504408,504406,504405,504404,504403,504402,504401,504407,504400,504420,415352,415338,415339,415340,415341,415342,415343,504421,415344,415346,415347,415348,415349,415350,415351,415345,415337,504399,504397,504378,504377,504376,504375,504374,504373,504379,504372,504370,504369,504368,504367,504366,504365,504371,504398,504380,504382,504396,504395,504394,504393,504392,504391,504381,504390,504388,504387,504386,504385,504384,504383,504389,504364,415336,415334,415284,415285,415286,415287,415288,415289,415283,415290,415292,415293,415294,415295,415296,415297,415291,415298,415282,415280,415266,415267,415268,415269,415270,415271,415281,415272,415274,415275,415276,415277,415278,415279,415273,415335,415299,415301,415320,415321,415322,415323,415324,415325,415319,415326,415328,415329,415330,415331,415332,415333,415327,415300,415318,415316,415302,415303,415304,415305,415306,415307,415317,415308,415310,415311,415312,415313,415314,415315,415309,416185,504363,504361,504270,504269,504268,504267,504266,504265,504271,504264,504262,504261,504260,504259,504258,504257,504263,504256,504272,504274,504288,504287,504286,504285,504284,504283,504273,504282,504280,504279,504278,504277,504276,504275,504281,504289,504255,504253,504234,504233,504232,504231,504230,504229,504235,504228,504226,504225,504224,504223,504222,504221,504227,504254,504236,504238,504252,504251,504250,504249,504248,504247,504237,504246,504244,504243,504242,504241,504240,504239,504245,504362,504290,504292,504342,504341,504340,504339,504338,504337,504343,504336,504334,504333,504332,504331,504330,504329,504335,504328,504344,504346,504360,504359,504358,504357,504356,504355,504345,504354,504352,504351,504350,504349,504348,504347,504353,504291,504327,504325,504306,504305,504304,504303,504302,504301,504307,504300,504298,504297,504296,504295,504294,504293,504299,504326,504308,504310,504324,504323,504322,504321,504320,504319,504309,504318,504316,504315,504314,504313,504312,504311,504317,499239,499238,499237,494142,494141,494140,494139,494138,494137,494143,494136,494134,494133,494132,494131,494130,494129,494135,494128,494144,494146,494160,494159,494158,494157,494156,494155,494145,494154,494152,494151,494150,494149,494148,494147,494153,494161,494127,494125,494106,494105,494104,494103,494102,494101,494107,494100,494098,494097,494096,494095,494094,494093,494099,494126,494108,494110,494124,494123,494122,494121,494120,494119,494109,494118,494116,494115,494114,494113,494112,494111,494117,494092,494162,494164,495025,495024,495023,495022,495021,495020,495026,495019,495017,495016,495015,495014,495013,495012,495018,495011,495027,495029,495043,495042,495041,495040,495039,495038,495028,495037,495035,495034,495033,495032,495031,495030,495036,494163,495010,495008,494178,494177,494176,494175,494174,494173,494179,494172,494170,494169,494168,494167,494166,494165,494171,495009,494180,494182,495007,495006,495005,495004,495003,495002,494181,495001,494999,494998,421478,494185,494184,494183,495000,495044,494091,494089,493998,493997,493996,493995,493994,493993,493999,493992,493990,493989,493988,493987,493986,493985,493991,493984,494000,494002,494016,494015,494014,494013,494012,494011,494001,494010,494008,494007,494006,494005,494004,494003,494009,494017,493983,493981,422338,422343,422344,422345,422346,422347,422337,422348,422350,422351,422352,422353,422354,422355,422349,493982,422336,422334,493980,493979,493978,493977,493976,493975,422335,493974,422319,422329,422330,422331,422332,422333,422318,494090,494018,494020,494070,494069,494068,494067,494066,494065,494071,494064,494062,494061,494060,494059,494058,494057,494063,494056,494072,494074,494088,494087,494086,494085,494084,494083,494073,494082,494080,494079,494078,494077,494076,494075,494081,494019,494055,494053,494034,494033,494032,494031,494030,494029,494035,494028,494026,494025,494024,494023,494022,494021,494027,494054,494036,494038,494052,494051,494050,494049,494048,494047,494037,494046,494044,494043,494042,494041,494040,494039,494045,422356,495045,495047,421439,421440,421441,421442,421443,421444,421438,421445,421447,421448,421449,421450,421451,421452,421446,421453,421437,421435,421421,421422,421423,421424,421425,421426,421436,421427,421429,421430,421431,421432,421433,421434,421428,421420,421454,421463,495205,495204,495203,495202,495201,495200,495206,495199,495197,495196,495195,495194,495193,495192,495198,421455,495207,495209,421464,421465,421466,421467,421468,421469,495208,421470,421472,421473,421474,421475,421476,421477,421471,495191,421419,421417,421367,421368,421369,421370,421371,421372,421366,421373,421375,421376,421377,421378,421379,421380,421374,421381,421365,421363,421349,421350,421351,421352,421353,421354,421364,421355,421357,421358,421359,421360,421361,421362,421356,421418,421382,421384,421403,421404,421405,421406,421407,421408,421402,421409,421411,421412,421413,421414,421415,421416,421410,421383,421401,421399,421385,421386,421387,421388,421389,421390,421400,421391,421393,421394,421395,421396,421397,421398,421392,495046,495190,495188,495097,495096,495095,495094,495093,495092,495098,495091,495089,495088,495087,495086,495085,495084,495090,495083,495099,495101,495115,495114,495113,495112,495111,495110,495100,495109,495107,495106,495105,495104,495103,495102,495108,495116,495082,495080,495061,495060,495059,495058,495057,495056,495062,495055,495053,495052,495051,495050,495049,495048,495054,495081,495063,495065,495079,495078,495077,495076,495075,495074,495064,495073,495071,495070,495069,495068,495067,495066,495072,495189,495117,495119,495169,495168,495167,495166,495165,495164,495170,495163,495161,495160,495159,495158,495157,495156,495162,495155,495171,495173,495187,495186,495185,495184,495183,495182,495172,495181,495179,495178,495177,495176,495175,495174,495180,495118,495154,495152,495133,495132,495131,495130,495129,495128,495134,495127,495125,495124,495123,495122,495121,495120,495126,495153,495135,495137,495151,495150,495149,495148,495147,495146,495136,495145,495143,495142,495141,495140,495139,495138,495144,421348,422357,422359,423386,423387,423388,423389,423390,423391,423385,423392,423394,423395,423396,423397,423398,423399,423393,423400,423384,423382,423368,423369,423370,423371,423372,423373,423383,423374,423376,423377,423378,423379,423380,423381,423375,423367,423401,423403,423422,423423,423424,423425,423426,423427,423421,423428,423430,423431,423432,423433,423434,423435,423429,423402,423420,423418,423404,423405,423406,423407,423408,423409,423419,423410,423412,423413,423414,423415,423416,423417,423411,423436,423361,423359,492990,492989,492988,492987,492986,492985,492991,492984,492982,492981,492980,492979,492978,492977,492983,492976,492992,492994,493008,493007,493006,493005,493004,493003,492993,493002,493000,492999,492998,492997,492996,492995,493001,423360,492975,492973,492954,492953,492952,492951,492950,492949,492955,423341,423343,423354,423355,423356,423357,423358,423342,492974,492956,492958,492972,492971,492970,492969,492968,492967,492957,492966,492964,492963,492962,492961,492960,492959,492965,493009,423437,423439,492077,492076,492075,492074,492073,492072,492078,492071,492069,492068,492067,492066,492065,492064,492070,492063,492079,492081,492095,492094,492093,492092,492091,492090,492080,492089,492087,492086,492085,492084,492083,492082,492088,492096,492062,492060,492041,492040,492039,492038,492037,492036,492042,492035,492033,492032,492031,492030,492029,492028,492034,492061,492043,492045,492059,492058,492057,492056,492055,492054,492044,492053,492051,492050,492049,492048,492047,492046,492052,423438,492097,492099,423458,423459,423460,423461,423462,423463,423457,423464,423466,423467,492138,492137,492136,492135,423465,492134,423456,423454,423440,423441,423442,423443,423444,423445,423455,423446,423448,423449,423450,423451,423452,423453,423447,492098,492133,492131,492112,492111,492110,492109,492108,540168,492113,492107,492105,492104,492103,492102,492101,492100,492106,492132,492114,492116,492130,492129,492128,492127,492126,492125,492115,492124,492122,492121,492120,492119,492118,492117,492123,422358,493010,493012,422450,422451,422452,422453,422454,422455,422449,422456,422458,422459,422460,422461,422462,422463,422457,422464,422448,422446,422432,422433,422434,422435,422436,422437,422447,422438,422440,422441,422442,422443,422444,422445,422439,422431,422465,422467,422495,422496,422497,422498,422499,422500,422494,422501,493162,493161,493160,493159,493158,493157,422502,422466,422493,422491,422468,422469,422470,422471,422472,422473,422492,422474,422476,422477,422478,422488,422489,422490,422475,493156,422430,422428,422378,422379,422380,422381,422382,422383,422377,422384,422386,422387,422388,422389,422390,422391,422385,422392,422376,422374,422360,422361,422362,422363,422364,422365,422375,422366,422368,422369,422370,422371,422372,422373,422367,422429,422393,422395,422414,422415,422416,422417,422418,422419,422413,422420,422422,422423,422424,422425,422426,422427,422421,422394,422412,422410,422396,422397,422398,422399,422400,422401,422411,422402,422404,422405,422406,422407,422408,422409,422403,493011,493155,493153,493062,493061,493060,493059,493058,493057,493063,493056,493054,493053,493052,493051,493050,493049,493055,493048,493064,493066,493080,493079,493078,493077,493076,493075,493065,493074,493072,493071,493070,493069,493068,493067,493073,493081,493047,493045,493026,493025,493024,493023,493022,493021,493027,493020,493018,493017,493016,493015,493014,493013,493019,493046,493028,493030,493044,493043,493042,493041,493040,493039,493029,493038,493036,493035,493034,493033,493032,493031,493037,493154,493082,493084,493134,493133,493132,493131,493130,493129,493135,493128,493126,493125,493124,493123,493122,493121,493127,493120,493136,493138,493152,493151,493150,493149,493148,493147,493137,493146,493144,493143,493142,493141,493140,493139,493145,493083,493119,493117,493098,493097,493096,493095,493094,493093,493099,493092,493090,493089,493088,493087,493086,493085,493091,493118,493100,493102,493116,493115,493114,493113,493112,493111,493101,493110,493108,493107,493106,493105,493104,493103,493109,492026,421347,421345,498214,498213,498212,498211,498210,498209,498215,498208,498206,498205,498204,498203,498202,498201,498207,498200,498216,498218,498232,498231,498230,498229,498228,498227,498217,498226,498224,498223,498222,498221,498220,498219,498225,498233,498199,498197,498178,498177,498176,498175,498174,498173,498179,498172,498170,498169,498168,498167,498166,498165,498171,498198,498180,498182,498196,498195,498194,498193,498192,498191,498181,498190,498188,498187,498186,498185,498184,498183,498189,498164,498234,498236,419424,419425,419426,419427,419428,419429,419423,419430,498278,498277,498276,498275,498274,498273,498279,498272,419422,419420,419406,419407,419408,419409,419410,419411,419421,419412,419414,419415,419416,419417,419418,419419,419413,498235,498271,498269,498250,498249,498248,498247,498246,498245,498251,498244,498242,498241,498240,498239,498238,498237,498243,498270,498252,498254,498268,498267,498266,498265,498264,498263,498253,498262,498260,498259,498258,498257,498256,498255,498261,419405,498163,498161,497255,497254,497253,497252,497251,497250,498071,497249,497247,497246,497245,497244,497243,497242,497248,497241,498072,498074,498088,498087,498086,498085,498084,498083,498073,498082,498080,498079,498078,498077,498076,498075,498081,498089,497240,497238,497219,497218,497217,497216,497215,497214,497220,497213,497211,497210,497209,497208,497207,497206,497212,497239,497221,497223,497237,497236,497235,497234,497233,497232,497222,497231,497229,497228,497227,497226,497225,497224,497230,498162,498090,498092,498142,498141,498140,498139,498138,498137,498143,498136,498134,498133,498132,498131,498130,498129,498135,498128,498144,498146,498160,498159,498158,498157,498156,498155,498145,498154,498152,498151,498150,498149,498148,498147,498153,498091,498127,498125,498106,498105,498104,498103,498102,498101,498107,498100,498098,498097,498096,498095,498094,498093,498099,498126,498108,498110,498124,498123,498122,498121,498120,498119,498109,498118,498116,498115,498114,498113,498112,498111,498117,497205,419404,419402,499146,499145,499144,499143,499142,499141,499147,499140,499138,499137,499136,499135,499134,499133,499139,499132,499148,499150,499164,499163,499162,499161,499160,499159,499149,499158,499156,499155,499154,499153,499152,499151,499157,499165,499131,499129,499110,499109,499108,499107,499106,499105,499111,499104,499102,499101,499100,499099,499098,499097,499103,499130,499112,499114,499128,499127,499126,499125,499124,499123,499113,499122,499120,499119,499118,499117,499116,499115,499121,499096,499166,499168,499218,499217,499216,499215,499214,499213,499219,499212,499210,499209,499208,499207,499206,499205,499211,499204,499220,499222,499236,499235,499234,499233,499232,499231,499221,499230,499228,499227,499226,499225,499224,499223,499229,499167,499203,499201,499182,499181,499180,499179,499178,499177,499183,499176,499174,499173,499172,499171,499170,499169,499175,499202,499184,499186,499200,499199,499198,499197,499196,499195,499185,499194,499192,499191,499190,499189,499188,499187,499193,419403,499095,419258,419352,419353,419354,419355,419356,419357,419351,419358,419360,419361,419362,419363,419364,419365,419359,419366,419350,419348,419334,419335,419336,419337,419338,419339,419349,419340,419342,419343,419344,419345,419346,419347,419341,419333,419367,419369,419388,419389,419390,419391,419392,419393,419387,419394,419396,419397,419398,419399,419400,419401,419395,419368,419386,419384,419370,419371,419372,419373,419374,419375,419385,419376,419378,419379,419380,419381,419382,419383,419377,419257,419332,419330,419280,419281,419282,419283,419284,419285,419279,419286,419288,419289,419290,419291,419292,419293,419287,419294,419278,419276,419259,419260,419261,419262,419263,419264,419277,419265,419270,419271,419272,419273,419274,419275,419266,419331,419295,419297,419316,419317,419318,419319,419320,419321,419315,419322,419324,419325,419326,419327,419328,419329,419323,419296,419314,419312,419298,419299,419300,419301,419302,419303,419313,419304,419306,419307,419308,419309,419310,419311,419305,421346,497204,497202,496180,496179,496178,496177,496176,496175,496181,496174,496172,496171,496170,496169,496168,496167,496173,496166,496182,496184,496198,496197,496196,496195,496194,496193,496183,496192,496190,496189,496188,496187,496186,496185,496191,496199,496165,496163,496144,496143,496142,496141,496140,496139,496145,496138,496136,496135,496134,496133,496132,496131,496137,496164,496146,496148,496162,496161,496160,496159,496158,496157,496147,496156,496154,496153,496152,496151,496150,496149,496155,496130,496200,496202,420435,420436,420437,420438,420439,420440,420434,420441,420443,420444,420445,420446,420447,420448,420442,420449,420433,420431,420417,420418,420419,420420,420421,420422,420432,420423,420425,420426,420427,420428,420429,420430,420424,496201,420450,420452,496216,496215,496214,496213,496212,496211,496217,496210,496208,496207,496206,496205,496204,496203,496209,420451,496218,496220,420453,420454,496232,496231,496230,496229,496219,496228,496226,496225,496224,496223,496222,496221,496227,420416,496129,496127,496036,496035,496034,496033,496032,496031,496037,496030,496028,496027,496026,496025,496024,496023,496029,421305,496038,496040,496054,496053,496052,496051,496050,496049,496039,496048,496046,496045,496044,496043,496042,496041,496047,496055,421306,421308,421331,421332,421333,421334,421335,421336,421330,421337,421339,421340,421341,421342,421343,421344,421338,421307,421329,421327,421309,421310,421311,421312,421313,421314,421328,421319,421321,421322,421323,421324,421325,421326,421320,496128,496056,496058,496108,496107,496106,496105,496104,496103,496109,496102,496100,496099,496098,496097,496096,496095,496101,496094,496110,496112,496126,496125,496124,496123,496122,496121,496111,496120,496118,496117,496116,496115,496114,496113,496119,496057,496093,496091,496072,496071,496070,496069,496068,496067,496073,496066,496064,496063,496062,496061,496060,496059,496065,496092,496074,496076,496090,496089,496088,496087,496086,496085,496075,496084,496082,496081,496080,496079,496078,496077,496083,497203,420415,420413,497111,497110,497109,497108,497107,497106,497112,497105,497103,497102,497101,497100,497099,497098,497104,497097,497113,497115,497129,497128,497127,497126,497125,497124,497114,497123,497121,497120,497119,497118,497117,497116,497122,497130,497096,497094,497075,497074,497073,497072,497071,497070,497076,497069,497067,497066,497065,497064,497063,497062,497068,497095,497077,497079,497093,497092,497091,497090,497089,497088,497078,497087,497085,497084,497083,497082,497081,497080,497086,497061,497131,497133,497183,497182,497181,497180,497179,497178,497184,497177,497175,497174,497173,497172,497171,497170,497176,497169,497185,497187,497201,497200,497199,497198,497197,497196,497186,497195,497193,497192,497191,497190,497189,497188,497194,497132,497168,497166,497147,497146,497145,497144,497143,497142,497148,497141,497139,497138,497137,497136,497135,497134,497140,497167,497149,497151,497165,497164,497163,497162,497161,497160,497150,497159,497157,497156,497155,497154,497153,497152,497158,420414,497060,497058,420363,420364,420365,420366,420367,420368,420362,420369,420371,420372,420373,420374,420375,420376,420370,420377,420361,420359,420345,420346,420347,420348,420349,420350,420360,420351,420353,420354,420355,420356,420357,420358,420352,420344,420378,420380,420399,420400,420401,420402,420403,420404,420398,420405,420407,420408,420409,420410,420411,420412,420406,420379,420397,420395,420381,420382,420383,420384,420385,420386,420396,420387,420389,420390,420391,420392,420393,420394,420388,497059,420343,420341,420288,420289,420290,420294,420295,420296,420287,420297,420299,420300,420301,420302,420303,420304,420298,420305,420286,420284,497057,497056,497055,497054,497053,497052,420285,497051,497049,497048,497047,420281,420282,420283,497050,420342,420306,420308,420327,420328,420329,420330,420331,420332,420326,420333,420335,420336,420337,420338,420339,420340,420334,420307,420325,420323,420309,420310,420311,420312,420313,420314,420324,420315,420317,420318,420319,420320,420321,420322,420316,477632,477631,477630,459304,459305,459306,459307,459308,459309,459310,459311,459312,459313,459314,459315,459316,459317,459318,459319,459320,459334,459333,459332,459331,459330,459329,459303,459328,459326,459325,459324,459323,459322,459321,459327,459302,459301,459300,459281,459280,459279,459278,459277,459276,459282,459275,459273,459272,459271,459270,459269,459268,459274,459335,459283,459285,459299,459298,459297,459296,459295,459294,459284,459293,459291,459290,459289,459288,459287,459286,459292,459336,459337,459338,444028,444029,444030,444031,444032,459383,444027,459382,459380,459379,459378,459377,459376,459375,459381,459374,444026,444024,444010,444011,444012,444013,444014,444015,444025,444016,444018,444019,444020,444021,444022,444023,444017,459267,459373,459371,459352,459351,459350,459349,459348,459347,459353,459346,459344,459343,459342,459341,459340,459339,459345,459372,459354,459356,459370,459369,459368,459367,459366,459365,459355,459364,459362,459361,459360,459359,459358,459357,459363,459266,459265,459264,459173,459172,459171,459170,459169,459168,459174,459167,444819,444820,444821,444822,444823,444824,459166,444825,459175,459177,459191,459190,459189,459188,459187,459186,459176,459185,459183,459182,459181,459180,459179,459178,459184,459192,444826,444828,444856,444857,444858,444859,444860,444861,444855,444862,444864,444865,444866,444867,444868,444869,444863,444827,444854,444852,444829,444830,444831,444832,444833,444834,444853,444835,444837,444838,444839,444840,444850,444851,444836,444009,459193,459195,459245,459244,459243,459242,459241,459240,459246,459239,459237,459236,459235,459234,459233,459232,459238,459231,459247,459249,459263,459262,459261,459260,459259,459258,459248,459257,459255,459254,459253,459252,459251,459250,459256,459194,459230,459228,459209,459208,459207,459206,459205,459204,459210,459203,459201,459200,459199,459198,459197,459196,459202,459229,459211,459213,459227,459226,459225,459224,459223,459222,459212,459221,459219,459218,459217,459216,459215,459214,459220,444008,444007,444006,460194,460193,460192,460191,460190,460189,460195,443794,443796,443797,443798,443799,443800,443801,443795,443802,460196,460198,460214,460213,460212,460211,460210,460209,460197,460208,460206,460205,460204,460203,460202,460201,460207,460215,443803,443805,443834,443835,443836,443837,443838,443839,443833,443840,443842,443843,443844,443845,443846,443847,443841,443804,443832,443830,443806,443807,443808,443809,443810,443811,443831,443812,443814,443815,443816,443827,443828,443829,443813,443848,460216,460218,460268,460267,460266,460265,460264,460263,460269,460262,460260,460259,460258,460257,460256,460255,460261,460254,460270,460272,460286,460285,460284,460283,460282,460281,460271,460280,460278,460277,460276,460275,460274,460273,460279,460217,460253,460251,460232,460231,460230,460229,460228,460227,460233,460226,460224,460223,460222,460221,460220,460219,460225,460252,460234,460236,460250,460249,460248,460247,460246,460245,460235,460244,460242,460241,460240,460239,460238,460237,460243,444870,443849,443851,443942,443943,443944,443945,443946,443947,443941,443948,443950,443951,443952,443953,443954,443955,443949,443956,443940,443938,443924,443925,443926,443927,443928,443929,443939,443930,443932,443933,443934,443935,443936,443937,443931,443923,443957,443959,443978,443979,443980,443981,443982,443983,443977,443984,443986,443987,443988,443989,444004,444005,443985,443958,443976,443974,443960,443961,443962,443963,443964,443965,443975,443966,443968,443969,443970,443971,443972,443973,443967,443850,443922,443920,443870,443871,443872,443873,443874,443875,443869,443876,443878,443879,443880,443881,443882,443883,443877,443884,443868,443866,443852,443853,443854,443855,443856,443857,443867,443858,443860,443861,443862,443863,443864,443865,443859,443921,443885,443887,443906,443907,443908,443909,443910,443911,443905,443912,443914,443915,443916,443917,443918,443919,443913,443886,443904,443902,443888,443889,443890,443891,443892,443893,443903,443894,443896,443897,443898,443899,443900,443901,443895,444871,444872,444873,445053,445054,445055,445056,457336,457335,445052,457334,457332,457331,457330,457329,457328,457327,457333,457326,445051,445049,445035,445036,445037,445038,445039,445040,445050,445041,445043,445044,445045,445046,445047,445048,445042,445034,457325,457323,457304,457303,457295,457294,457293,457292,457305,457291,457289,457288,457287,457286,457285,457284,457290,457324,457306,457308,457322,457321,457320,457319,457318,457317,457307,457316,457314,457313,457312,457311,457310,457309,457315,457283,445033,445031,444968,444969,444970,444971,444972,444973,444967,444974,444976,444977,444978,444979,444980,444981,444975,444982,444966,458144,458158,458157,458156,458155,458154,458153,458143,458152,458150,458149,458148,458147,458146,458145,458151,445032,444983,444985,445004,445005,445006,445007,445008,445009,445003,445010,445012,445013,445014,445028,445029,445030,445011,444984,445002,445000,444986,444987,444988,444989,444990,444991,445001,444992,444994,444995,444996,444997,444998,444999,444993,458159,457282,457280,457189,457188,457187,457186,457185,457184,457190,457183,457181,457180,457179,457178,457177,457176,457182,457175,457191,457193,457207,457206,457205,457204,457203,457202,457192,457201,457199,457198,457197,457196,457195,457194,457200,457208,457174,457172,457153,457152,457151,457150,457149,457148,457154,457147,457145,457144,457143,457142,457141,457140,457146,457173,457155,457157,457171,457170,457169,457168,457167,457166,457156,457165,457163,457162,457161,457160,457159,457158,457164,457281,457209,457211,457261,457260,457259,457258,457257,457256,457262,457255,457253,457252,457251,457250,457249,457248,457254,457247,457263,457265,457279,457278,457277,457276,457275,457274,457264,457273,457271,457270,457269,457268,457267,457266,457272,457210,457246,457244,457225,457224,457223,457222,457221,457220,457226,457219,457217,457216,457215,457214,457213,457212,457218,457245,457227,457229,457243,457242,457241,457240,457239,457238,457228,457237,457235,457234,457233,457232,457231,457230,457236,460287,458160,444964,458356,458355,458354,458353,458352,458351,458357,458350,458348,458347,458346,458345,458344,458343,458349,458342,458358,458360,444946,444947,444948,444949,444950,444951,458359,444952,444954,444955,444956,444957,444958,444959,444953,444945,458341,458339,458320,458319,458318,458317,458316,458315,444963,458314,458312,458311,458310,458309,458308,458307,458313,458340,444962,444960,458338,458337,458336,458335,458334,458333,444961,458332,458330,458329,458328,458327,458326,458325,458331,458306,444944,444942,444892,444893,444894,444895,444896,444897,444891,444898,444900,444901,444902,444903,444904,444905,444899,444906,444890,444888,444874,444875,444876,444877,444878,444879,444889,444880,444882,444883,444884,444885,444886,444887,444881,444943,444907,444909,444928,444929,444930,444931,444932,444933,444927,444934,444936,444937,444938,444939,444940,444941,444935,444908,444926,444924,444910,444911,444912,444913,444914,444915,444925,444916,444918,444919,444920,444921,444922,444923,444917,444965,458305,458303,458212,458211,458210,458209,458208,458207,458213,458206,458204,458203,458202,458201,458200,458199,458205,458198,458214,458216,458230,458229,458228,458227,458226,458225,458215,458224,458222,458221,458220,458219,458218,458217,458223,458231,458197,458195,458176,458175,458174,458173,458172,458171,458177,458170,458168,458167,458166,458165,458164,458163,458169,458196,458178,458180,458194,458193,458192,458191,458190,458189,458179,458188,458186,458185,458184,458183,458182,458181,458187,458304,458232,458234,458284,458283,458282,458281,458280,458279,458285,458278,458276,458275,458274,458273,458272,458271,458277,458270,458286,458288,458302,458301,458300,458299,458298,458297,458287,458296,458294,458293,458292,458291,458290,458289,458295,458233,458269,458267,458248,458247,458246,458245,458244,458243,458249,458242,458240,458239,458238,458237,458236,458235,458241,458268,458250,458252,458266,458265,458264,458263,458262,458261,458251,458260,458258,458257,458256,458255,458254,458253,458259,460288,460289,460290,441974,441975,441976,441977,441978,441979,441973,441980,441982,441983,462455,462454,462453,462452,441981,462451,441972,441970,441956,441957,441958,441959,441960,441961,441971,441962,441964,441965,441966,441967,441968,441969,441963,441955,462450,462448,462429,462428,462427,462426,462425,462424,462430,462423,462421,462420,462419,462418,462417,462416,462422,462449,462431,462433,462447,462446,462445,462444,462443,462442,462432,462441,462439,462438,462437,462436,462435,462434,462440,462415,441954,441938,441888,441889,441890,441891,441892,441893,441887,441894,441896,441897,441898,441899,441900,441901,441895,441902,441886,441884,441870,441871,441872,441873,441874,441875,441885,441876,441878,441879,441880,441881,441882,441883,441877,441953,441903,441905,441924,441925,441926,441927,441928,441929,441923,441930,441932,441933,441934,441935,441936,441937,441931,441904,441922,441920,441906,441907,441908,441909,441910,441911,441921,441912,441914,441915,441916,441917,441918,441919,441913,441869,462414,462412,462321,462320,462319,462318,462317,462316,462322,462315,462313,462312,462311,462310,462309,462308,462314,462307,462323,462325,462339,462338,462337,462336,462335,462334,462324,462333,462331,462330,462329,462328,462327,462326,462332,462340,462306,462304,462285,462284,462283,462282,462281,462280,462286,462279,462277,462276,462275,462274,462273,462272,462278,462305,462287,462289,462303,462302,462301,462300,462299,462298,462288,462297,462295,462294,462293,462292,462291,462290,462296,462413,462341,462343,462393,462392,462391,462390,462389,462388,462394,462387,462385,462384,462383,462382,462381,462380,462386,462379,462395,462397,462411,462410,462409,462408,462407,462406,462396,462405,462403,462402,462401,462400,462399,462398,462404,462342,462378,462376,462357,462356,462355,462354,462353,462352,462358,462351,462349,462348,462347,462346,462345,462344,462350,462377,462359,462361,462375,462374,462373,462372,462371,462370,462360,462369,462367,462366,462365,462364,462363,462362,462368,462271,441868,441866,463349,463348,463347,463346,463345,463344,463350,463343,463341,463340,463339,463338,463337,463336,463342,463335,463351,463353,463367,463366,463365,463364,463363,463362,463352,463361,463359,463358,463357,463356,463355,463354,463360,463368,463334,463332,463313,463312,463311,463310,463309,463308,463314,463307,463305,463304,463303,463302,463301,463300,463306,463333,463315,463317,463331,463330,463329,463328,463327,463326,463316,463325,463323,463322,463321,463320,463319,463318,463324,463299,463369,463371,463421,463420,463419,463418,463417,463416,463422,463415,463413,463412,463411,463410,463409,463408,463414,463407,463423,463425,463439,463438,463437,463436,463435,463434,463424,463433,463431,463430,463429,463428,463427,463426,463432,463370,463406,463404,463385,463384,463383,463382,463381,463380,463386,463379,463377,463376,463375,463374,463373,463372,463378,463405,463387,463389,463403,463402,463401,463400,463399,463398,463388,463397,463395,463394,463393,463392,463391,463390,463396,441867,463298,463296,441816,441817,441818,441819,441820,441821,441815,441822,441824,441825,441826,441827,441828,441829,441823,441830,441814,441812,441798,441799,441800,441801,441802,441803,441813,441804,441806,441807,441808,441809,441810,441811,441805,441797,441831,441833,441852,441853,441854,441855,441856,441857,441851,441858,441860,441861,441862,441863,441864,441865,441859,441832,441850,441848,441834,441835,441836,441837,441838,441839,441849,441840,441842,441843,441844,441845,441846,441847,441841,463297,441796,441794,463277,463276,463275,463267,463266,463265,463278,463264,463262,463261,463260,463259,441748,441749,463263,441750,463279,463281,463295,463294,463293,463292,463291,463290,463280,463289,463287,463286,463285,463284,463283,463282,463288,441795,441751,441753,441780,441781,441782,441783,441784,441785,441771,441786,441788,441789,441790,441791,441792,441793,441787,441752,441770,441768,441754,441755,441756,441757,441758,441759,441769,441760,441762,441763,441764,441765,441766,441767,441761,457139,462270,462268,461293,461292,461291,461290,461289,461288,461294,461287,461285,461284,461283,461282,461281,461280,461286,461279,461295,461297,461311,461310,461309,461308,461307,461306,461296,461305,461303,461302,461301,461300,461299,461298,461304,461312,461278,461276,461257,461256,461255,461254,461253,461252,461258,461251,461249,461248,461247,461246,461245,461244,461250,461277,461259,461261,461275,461274,461273,461272,461271,461270,461260,461269,461267,461266,461265,461264,461263,461262,461268,461243,461313,461315,461365,461364,461363,461362,461361,461360,461366,461359,461357,461356,461355,461354,461353,461352,461358,461351,461367,461369,461383,461382,461381,461380,461379,461378,461368,461377,461375,461374,461373,461372,461371,461370,461376,461314,461350,461348,461329,461328,461327,461326,461325,461324,461330,461323,461321,461320,461319,461318,461317,461316,461322,461349,461331,461333,461347,461346,461345,461344,461343,461342,461332,461341,461339,461338,461337,461336,461335,461334,461340,461384,461242,461240,460340,460339,460338,460337,460336,460335,460341,460334,460332,460331,460330,460329,460328,460327,460333,460326,460342,460344,460358,460357,460356,460355,460354,460353,460343,460352,460350,460349,460348,460347,460346,460345,460351,460359,460325,460323,460304,460303,460302,460301,460300,460299,460305,460298,460296,460295,460294,460293,460292,460291,460297,460324,460306,460308,460322,460321,460320,460319,460318,460317,460307,460316,460314,460313,460312,460311,460310,460309,460315,461241,460360,460362,461216,461215,461214,461213,461212,460407,461217,460406,460404,460403,460402,460401,460400,460399,460405,460398,461218,461220,461239,461238,461237,461236,461235,461234,461219,461233,461231,461230,461229,461228,461227,461226,461232,460361,460397,460395,460376,460375,460374,460373,460372,460371,460377,460370,460368,460367,460366,460365,460364,460363,460369,460396,460378,460380,460394,460393,460392,460391,460390,460389,460379,460388,460386,460385,460384,460383,460382,460381,460387,462269,461385,461387,442844,442845,442846,442847,442848,442849,442843,442850,442852,442853,442854,442855,442856,442857,442851,442858,442842,442840,442826,442827,442828,442829,442830,442831,442841,442832,442834,442835,442836,442837,442838,442839,442833,442825,442859,442861,442880,442881,442882,442883,442884,442885,442879,442886,442888,442889,442890,442891,442892,442893,442887,442860,442878,442876,442862,442863,442864,442865,442866,442867,442877,442868,442870,442871,442872,442873,442874,442875,442869,442894,442824,442822,462243,462242,462241,462240,462239,462238,462250,462237,442771,442772,442773,442774,442775,442776,462236,442777,462251,462253,462267,462266,462265,462264,462263,462262,462252,462261,462259,462258,462257,462256,462255,462254,462260,442823,442778,442780,442808,442809,442810,442811,442812,442813,442807,442814,442816,442817,442818,442819,442820,442821,442815,442779,442806,442804,442781,442782,442783,442784,442785,442786,442805,442787,442789,442790,442791,442792,442793,442803,442788,461386,442895,442897,443003,443004,443005,443006,443007,443008,443002,461431,461429,461428,461427,461426,461425,461424,461430,461423,443001,442999,442985,442986,442987,442988,442989,442990,443000,442991,442993,442994,442995,442996,442997,442998,442992,442984,461422,461420,461401,461400,461399,461398,461397,461396,461402,461395,461393,461392,461391,461390,461389,461388,461394,461421,461403,461405,461419,461418,461417,461416,461415,461414,461404,461413,461411,461410,461409,461408,461407,461406,461412,442896,442983,442981,442916,442917,442918,442919,442920,442921,442915,442922,442924,442925,442926,442927,442928,442929,442923,442930,442914,442912,442898,442899,442900,442901,442902,442903,442913,442904,442906,442907,442908,442909,442910,442911,442905,442982,442931,442933,442952,442953,442954,442955,442956,442957,442951,442958,442960,442961,442962,442963,442964,442980,442959,442932,442950,442948,442934,442935,442936,442937,442938,442939,442949,442940,442942,442943,442944,442945,442946,442947,442941,457136,457135,457134,452139,452138,452137,452136,452135,452134,452140,452133,452131,452130,452129,452128,452127,452126,452132,452125,452141,452143,452157,452156,452155,452154,452153,452152,452142,452151,452149,452148,452147,452146,452145,452144,452150,452158,452124,452122,452103,452102,452101,452100,452099,452098,452104,452097,452095,452094,452093,452092,452091,452090,452096,452123,452105,452107,452121,452120,452119,452118,452117,452116,452106,452115,452113,452112,452111,452110,452109,452108,452114,452089,452159,452161,448115,448116,448117,448118,448119,448120,448114,448121,448123,448124,448125,448126,452208,452207,448122,452206,448113,448111,448097,448098,448099,448100,448101,448102,448112,448103,448105,448106,448107,448108,448109,448110,448104,452160,452205,452203,452175,452174,452173,452172,452171,452170,452176,452169,452167,452166,452165,452164,452163,452162,452168,452204,452177,452188,452202,452201,452200,452199,452198,452197,452187,452196,452194,452193,452192,452191,452190,452189,452195,448096,452088,452086,448920,448921,448922,448923,448924,448925,448919,448926,448928,448929,448930,448931,448932,448933,448927,448934,451997,451999,452013,452012,452011,452010,452009,452008,451998,452007,452005,452004,452003,452002,452001,452000,452006,452014,448935,448945,448964,448965,448966,448967,448968,448969,448963,448970,448972,448973,448974,448975,448976,448977,448971,448936,448962,448960,448946,448947,448948,448949,448950,448951,448961,448952,448954,448955,448956,448957,448958,448959,448953,452087,452015,452017,452067,452066,452065,452064,452063,452062,452068,452061,452059,452058,452057,452056,452055,452054,452060,452053,452069,452071,452085,452084,452083,452082,452081,452080,452070,452079,452077,452076,452075,452074,452073,452072,452078,452016,452052,452050,452031,452030,452029,452028,452027,452026,452032,452025,452023,452022,452021,452020,452019,452018,452024,452051,452033,452035,452049,452048,452047,452046,452045,452044,452034,452043,452041,452040,452039,452038,452037,452036,452042,448978,448086,448084,453179,453178,453177,453176,453175,453174,453180,453173,453171,453170,453169,453168,453167,453166,453172,453165,453181,453183,453197,453196,453195,453194,453193,453192,453182,453191,453189,453188,453187,453186,453185,453184,453190,453198,453164,453162,453143,453142,453141,453140,453139,453138,453144,453137,453135,453134,453133,453132,453131,453130,453136,453163,453145,453147,453161,453160,453159,453158,453157,453156,453146,453155,453153,453152,453151,453150,453149,453148,453154,453129,453199,448046,448017,448018,448019,448020,448021,448022,448016,448023,448025,448026,448027,448028,448029,448030,448024,448031,448015,448013,447999,448000,448001,448002,448003,448004,448014,448005,448007,448008,448009,448010,448011,448012,448006,453200,448032,448034,453215,453214,453213,453212,453211,448037,453216,448038,448040,448041,448042,448043,448044,448045,448039,448033,453217,453219,448035,448036,453231,453230,453229,453228,453218,453227,453225,453224,453223,453222,453221,453220,453226,448085,453128,453126,453035,453034,453033,453032,453031,453030,453036,453029,453027,453026,453025,453024,453023,448047,453028,448048,453037,453039,453053,453052,453051,453050,453049,453048,453038,453047,453045,453044,453043,453042,453041,453040,453046,453054,448049,448051,448070,448071,448072,448073,448074,448075,448069,448076,448078,448079,448080,448081,448082,448083,448077,448050,448068,448066,448052,448053,448054,448055,448056,448057,448067,448058,448060,448061,448062,448063,448064,448065,448059,453127,453055,453057,453107,453106,453105,453104,453103,453102,453108,453101,453099,453098,453097,453096,453095,453094,453100,453093,453109,453111,453125,453124,453123,453122,453121,453120,453110,453119,453117,453116,453115,453114,453113,453112,453118,453056,453092,453090,453071,453070,453069,453068,453067,453066,453072,453065,453063,453062,453061,453060,453059,453058,453064,453091,453073,453075,453089,453088,453087,453086,453085,453084,453074,453083,453081,453080,453079,453078,453077,453076,453082,447998,448979,448981,450152,450151,450150,450149,450148,450147,450153,450146,450144,450143,450142,450132,450131,450130,450145,450129,450154,450156,450973,450972,450971,450970,450169,450168,450155,450167,450165,450164,450160,450159,450158,450157,450166,450974,450128,450126,450107,450106,450105,450104,450103,450102,450108,450101,450099,450098,450097,450096,450095,450094,450100,450127,450109,450111,450125,450124,450123,450122,450121,450120,450110,450119,450117,450116,450115,450114,450113,450112,450118,450093,450975,450977,451027,451026,451025,451024,451023,451022,451028,451021,451019,451018,451017,451016,451015,451014,451020,451013,451029,451031,451045,451044,451043,451042,451041,451040,451030,451039,451037,451036,451035,451034,451033,451032,451038,450976,451012,451010,450991,450990,450989,450988,450987,450986,450992,450985,450983,450982,450981,450980,450979,450978,450984,451011,450993,450995,451009,451008,451007,451006,451005,451004,450994,451003,451001,451000,450999,450998,450997,450996,451002,451046,450092,450090,449999,449998,449997,449996,449995,449994,450000,449993,449991,449990,449989,449988,449987,449986,449992,449985,450001,450003,450017,450016,450015,450014,450013,450012,450002,450011,450009,450008,450007,450006,450005,450004,450010,450018,449984,449982,449958,449957,449956,449955,449954,449953,449959,449952,449950,449949,449948,449947,449946,449945,449951,449983,449960,449966,449981,449980,449979,449978,449977,449976,449965,449975,449973,449972,449971,449970,449969,449968,449974,450091,450019,450021,450071,450070,450069,450068,450067,450066,450072,450065,450063,450062,450061,450060,450059,450058,450064,450057,450073,450075,450089,450088,450087,450086,450085,450084,450074,450083,450081,450080,450079,450078,450077,450076,450082,450020,450056,450054,450035,450034,450033,450032,450031,450030,450036,450029,450027,450026,450025,450024,450023,450022,450028,450055,450037,450039,450053,450052,450051,450050,450049,450048,450038,450047,450045,450044,450043,450042,450041,450040,450046,448980,451047,451049,449072,449073,449074,449075,449076,449077,449071,449078,449080,449081,449082,449083,449084,449085,449079,449086,449070,449068,449054,449055,449056,449057,449058,449059,449069,449060,449062,449063,449064,449065,449066,449067,449061,449053,449087,449089,449108,449109,449119,449120,449121,449122,449107,449123,449125,449126,449127,449128,449129,449130,449124,449088,449106,449104,449090,449091,449092,449093,449094,449095,449105,449096,449098,449099,449100,449101,449102,449103,449097,449131,449052,449050,449000,449001,449002,449003,449004,449005,448999,449006,449008,449009,449010,449011,449012,449013,449007,449014,448998,448996,448982,448983,448984,448985,448986,448987,448997,448988,448990,448991,448992,448993,448994,448995,448989,449051,449015,449017,449036,449037,449038,449039,449040,449041,449035,449042,449044,449045,449046,449047,449048,449049,449043,449016,449034,449032,449018,449019,449020,449021,449022,449023,449033,449024,449026,449027,449028,449029,449030,449031,449025,451048,449132,449134,451099,451098,451097,451096,451095,451094,451100,451093,451091,451090,451089,451088,451087,451086,451092,451085,451101,451103,451117,451116,451115,451114,451113,451112,451102,451111,451109,451108,451107,451106,451105,451104,451110,451118,451084,451082,451063,451062,451061,451060,451059,451058,451064,451057,451055,451054,451053,451052,451051,451050,451056,451083,451065,451067,451081,451080,451079,451078,451077,451076,451066,451075,451073,451072,451071,451070,451069,451068,451074,449133,451119,451121,451180,451179,451178,451177,451176,451175,451181,451174,451172,451171,451170,451169,451168,451167,451173,451166,451182,451184,449135,449136,449139,449140,449141,449142,451183,449143,449145,449146,449147,451191,451190,451189,449144,451120,451165,451154,451135,451134,451133,451132,451131,451130,451136,451129,451127,451126,451125,451124,451123,451122,451128,451164,451137,451139,451153,451152,451151,451150,451149,451148,451138,451147,451145,451144,451143,451142,451141,451140,451146,463440,447997,447995,456158,456157,456156,456155,456154,456153,456159,456152,456150,456149,456148,456147,456146,456145,456151,456144,456160,456162,456176,456175,456174,456173,456172,456171,456161,456170,456168,456167,456166,456165,456164,456163,456169,456177,456143,456141,456122,456121,456120,456119,456118,456117,456123,456116,456114,456112,456111,456110,456109,456108,456115,456142,456124,456126,456140,456139,456138,456137,456136,456135,456125,456134,456132,456131,456130,456129,456128,456127,456133,456107,456178,456180,456230,456229,456228,456227,456226,456225,456231,456224,456222,456221,456220,456219,456218,456217,456223,456216,456232,456234,456248,456247,456246,456245,456244,456243,456233,456242,456240,456239,456238,456237,456236,456235,456241,456179,456215,456213,456194,456193,456192,456191,456190,456189,456195,456188,456186,456185,456184,456183,456182,456181,456187,456214,456196,456198,456212,456211,456210,456209,456208,456207,456197,456206,456204,456203,456202,456201,456200,456199,456205,456249,456106,456104,455188,455187,455186,455185,455184,455183,455189,455182,455180,455179,455178,455177,455176,455175,455181,455174,455190,455192,455206,455205,455204,455203,455202,455201,455191,455200,455198,455197,455196,455195,455194,455193,455199,455207,455173,455171,455152,455151,455150,455149,455148,455147,455153,455146,455144,455143,455142,455141,455140,455139,455145,455172,455154,455156,455170,455169,455168,455167,455166,455165,455155,455164,455162,455161,455160,455159,455158,455157,455163,456105,455208,455210,455270,455269,455268,455267,455266,455265,455271,455264,455262,455261,455260,455259,455258,455247,455263,455246,455272,455274,456103,456102,456101,456100,456099,456098,455273,456097,455280,455279,455278,455277,455276,455275,456096,455209,455245,455243,455224,455223,455222,455221,455220,455219,455225,455218,455216,455215,455214,455213,455212,455211,455217,455244,455226,455228,455242,455241,455240,455239,455238,455237,455227,455236,455234,455233,455232,455231,455230,455229,455235,455138,456250,456252,445929,445930,445931,445932,445933,445934,445928,445935,445937,445938,445939,445940,445941,445942,445936,445943,445927,445925,445911,445912,445913,445914,445915,445916,445926,445917,445919,445920,445921,445922,445923,445924,445918,445910,445944,445946,445965,445966,445967,445968,445969,445970,445964,445971,445973,445974,445975,445976,445977,445978,445972,445945,445963,445961,445947,445948,445949,445950,445951,445952,445962,445953,445955,445956,445957,445958,445959,445960,445954,445979,445909,445907,445848,445849,445850,445851,445852,445853,445847,445854,445856,445857,445858,445859,445860,445861,445855,445862,445846,445844,457133,457132,457131,457130,457129,457128,445845,457127,457125,457124,457123,457122,457121,457120,457126,445908,445863,445874,445893,445894,445895,445896,445897,445898,445892,445899,445901,445902,445903,445904,445905,445906,445900,445864,445891,445889,445875,445876,445877,445878,445879,445880,445890,445881,445883,445884,445885,445886,445887,445888,445882,456251,445980,445982,456310,456309,456308,456307,456306,456305,456311,456304,456302,456301,456300,456299,456298,456297,456303,456296,456312,446080,446066,446067,446068,446069,446070,446071,446081,446072,446074,446075,446076,446077,446078,446079,446073,446065,456295,456293,456266,456265,456264,456263,456262,456261,456267,456260,456258,456257,456256,456255,456254,456253,456259,456294,456268,456270,456292,456291,456290,456289,456288,456287,456269,456286,456284,456283,456282,456281,456280,456271,456285,445981,446064,446062,446001,446002,446003,446004,446005,446006,446000,446007,446009,446010,446011,446012,446013,446014,446008,446015,445999,445997,445983,445984,445985,445986,445987,445988,445998,445989,445991,445992,445993,445994,445995,445996,445990,446063,446016,446018,446037,446038,446050,446051,446052,446053,446036,446054,446056,446057,446058,446059,446060,446061,446055,446017,446035,446033,446019,446020,446021,446022,446023,446024,446034,446025,446027,446028,446029,446030,446031,446032,446026,447996,455137,455135,454147,454146,454145,454144,454143,454142,454148,454141,454139,454138,454137,454136,454135,454134,454140,454133,454149,454151,454165,454164,454163,454162,454161,454160,454150,454159,454157,454156,454155,454154,454153,454152,454158,454166,454132,454130,454111,454110,454109,454108,454107,454106,454112,454105,454103,454102,454101,454100,454099,454098,454104,454131,454113,454115,454129,454128,454127,454126,454125,454124,454114,454123,454121,454120,454119,454118,454117,454116,454122,454097,454167,454169,454219,454218,454217,454216,454215,454214,454220,454213,454211,454210,454209,454208,454207,454206,454212,454205,454221,454223,454248,454247,454246,454245,454244,454243,454222,454242,454240,454239,454238,454237,454236,454235,454241,454168,454204,454202,454183,454182,454181,454180,454179,454178,454184,454177,454175,454174,454173,454172,454171,454170,454176,454203,454185,454187,454201,454200,454199,454198,454197,454196,454186,454195,454193,454192,454191,454190,454189,454188,454194,454249,454096,454094,447945,447946,447947,447948,447949,447950,447944,447951,447953,447954,447955,447956,447957,447958,447952,447959,447943,447941,447927,447928,447929,447930,447931,447932,447942,447933,447935,447936,447937,447938,447939,447940,447934,447926,447960,447962,447981,447982,447983,447984,447985,447986,447980,447987,447989,447990,447991,447992,447993,447994,447988,447961,447979,447977,447963,447964,447965,447966,447967,447968,447978,447969,447971,447972,447973,447974,447975,447976,447970,454095,447925,447923,454075,454074,454073,454072,454071,454070,454076,454069,454067,454066,454065,454064,454063,454062,454068,454061,454077,454079,454093,454092,454091,454090,454089,454088,454078,454087,454085,454084,454083,454082,454081,454080,454086,447924,454060,454058,447901,447902,447903,447904,447905,447906,447900,447907,447909,447910,447911,447912,447913,447922,447908,454059,447899,447897,454057,454056,454055,454054,454053,454052,447898,454051,454049,454048,447893,447894,447895,447896,454050,455136,454250,454252,446904,446905,446906,446907,446908,446909,446903,446910,446912,446913,446914,446915,446916,446917,446911,446918,446902,446900,446878,446879,446880,446881,446882,446883,446901,446884,446886,446887,446888,446889,446898,446899,446885,446877,446919,446921,446940,446941,446942,446943,446944,446945,446939,446946,446948,446949,446950,446951,446952,446953,446947,446920,446938,446936,446922,446923,446924,446925,446926,446927,446937,446928,446930,446931,446932,446933,446934,446935,446929,446954,446876,446874,455116,455115,455114,455113,455112,455111,455117,455110,455108,455107,455106,455105,455104,455103,455109,455102,455118,455120,455134,455133,455132,455131,455130,455129,455119,455128,455126,455125,455124,455123,455122,455121,455127,446875,455101,455099,455080,455079,455078,455077,455076,455075,455081,455074,455072,446869,446870,446871,446872,446873,455073,455100,455082,455084,455098,455097,455096,455095,455094,455093,455083,455092,455090,455089,455088,455087,455086,455085,455091,454251,446955,446957,447048,447049,447050,447051,447052,447053,447047,447054,447056,447057,447058,447059,447060,447061,447055,447062,447046,447044,447030,447031,447032,447033,447034,447035,447045,447036,447038,447039,447040,447041,447042,447043,447037,447029,447073,447075,447094,447095,447096,447097,447098,447099,447093,447100,447102,447103,447104,454255,454254,454253,447101,447074,447092,447090,447076,447077,447078,447079,447080,447081,447091,447082,447084,447085,447086,447087,447088,447089,447083,446956,447028,447026,446976,446977,446978,446979,446980,446981,446975,446982,446984,446985,446986,446987,446988,446989,446983,446990,446974,446972,446958,446959,446960,446961,446962,446963,446973,446964,446966,446967,446968,446969,446970,446971,446965,447027,446991,446993,447012,447013,447014,447015,447016,447017,447011,447018,447020,447021,447022,447023,447024,447025,447019,446992,447010,447008,446994,446995,446996,446997,446998,446999,447009,447000,447002,447003,447004,447005,447006,447007,447001,463441,463442,463443,435728,435729,435730,435731,435732,435733,435727,435734,435736,435737,435738,435739,435740,435741,435735,435742,435726,435724,435710,435711,435712,435713,435714,435715,435725,435716,435718,435719,435720,435721,435722,435723,435717,435709,435743,435745,435764,435765,435766,435767,435768,435769,435763,435770,435772,435773,435774,435775,435776,435777,435771,435744,435762,435760,435746,435747,435748,435749,435750,435751,435761,435752,435754,435755,435756,435757,435758,435759,435753,435778,435708,435706,435656,435657,435658,435659,435660,435661,435655,435662,435664,435665,435666,435667,435668,435669,435663,435670,435654,435652,435638,435639,435640,435641,435642,435643,435653,435644,435646,435647,435648,435649,435650,435651,435645,435707,435671,435673,435692,435693,435694,435695,435696,435697,435691,435698,435700,435701,435702,435703,435704,435705,435699,435672,435690,435688,435674,435675,435676,435677,435678,435679,435689,435680,435682,435683,435684,435685,435686,435687,435681,435637,435779,435781,472612,472611,472610,472609,472608,472607,472613,472606,472604,472603,472602,472601,472600,472599,472605,472598,472614,472616,472630,472629,472628,472627,472626,472625,472615,472624,472622,472621,472620,472619,472618,472617,472623,472631,472597,472595,472576,472575,472574,472573,472572,472571,472577,472570,472568,472567,472566,472565,472564,472563,472569,472596,472578,472580,472594,472593,472592,472591,472590,472589,472579,472588,472586,472585,472584,472583,472582,472581,472587,435780,472632,472634,472684,472683,472682,472681,472680,472679,472689,472678,472676,472675,472674,472673,472672,472671,472677,472670,472690,435807,435782,435783,435784,435785,435786,435787,435808,435788,435790,435802,435803,435804,435805,435806,435789,472633,472669,472667,472648,472647,472646,472645,472644,472643,472649,472642,472640,472639,472638,472637,472636,472635,472641,472668,472650,472652,472666,472665,472664,472663,472662,472661,472651,472660,472658,472657,472656,472655,472654,472653,472659,472562,435636,435634,473654,473653,473652,473651,473650,473649,473655,473648,473646,473645,473644,473643,473642,473641,473647,473640,473656,473658,473672,473671,473670,473669,473668,473667,473657,473666,473664,473663,473662,473661,473660,473659,473665,473673,473639,473637,473618,473617,473616,473615,473614,473613,473619,473612,473610,473609,473608,473607,473606,473605,473611,473638,473620,473622,473636,473635,473634,473633,473632,473631,473621,473630,473628,473627,473626,473625,473624,473623,473629,473604,473674,473676,434764,434765,434766,434778,434779,434780,434763,434781,434783,434784,434785,434786,434787,434788,434782,434789,434762,434760,434746,434747,434748,434749,434750,434751,434761,434752,434754,434755,434756,434757,434758,434759,434753,473675,434790,473713,473690,473689,473688,473687,473686,473685,473691,473684,473682,473681,473680,473679,473678,473677,473683,473714,473692,473694,473708,473707,473706,473705,473704,473703,473693,473702,473700,473699,473698,473697,473696,473695,473701,435635,473603,473601,473504,473503,473502,473501,473500,473499,473505,473498,473496,473495,473494,473493,473492,473491,473497,473490,473506,473514,473528,473527,473526,473525,473524,473523,473507,473522,473520,473519,473518,473517,473516,473515,473521,473529,473489,473487,435620,435621,435622,435623,435624,435625,435619,435626,435628,435629,435630,435631,435632,435633,435627,473488,435618,435616,473486,473485,473484,473483,473482,473481,435617,435608,435610,435611,435612,435613,435614,435615,435609,473602,473530,473532,473582,473581,473580,473579,473578,473577,473583,473576,473574,473573,473572,473571,473570,473569,473575,473568,473584,473586,473600,473599,473598,473597,473596,473595,473585,473594,473592,473591,473590,473589,473588,473587,473593,473531,473567,473565,473546,473545,473544,473543,473542,473541,473547,473540,473538,473537,473536,473535,473534,473533,473539,473566,473548,473550,473564,473563,473562,473561,473560,473559,473549,473558,473556,473555,473554,473553,473552,473551,473557,434745,472561,472559,436695,436696,436697,436698,436699,436700,436694,436701,436703,436704,436705,436706,436707,436708,436702,436709,436693,436691,436677,436678,436679,436680,436681,436682,436692,436683,436685,436686,436687,436688,436689,436690,436684,436676,436710,436712,436731,436732,436733,436734,436735,436736,436730,436737,436739,436740,436741,436742,436743,436744,436738,436711,436729,436727,436713,436714,436715,436716,436717,436718,436728,436719,436721,436722,436723,436724,436725,436726,436720,436745,436675,436673,471443,471442,471441,471440,471439,471438,471444,471437,436631,436632,436633,436634,436635,436636,471436,436637,471445,471447,471468,471467,471466,471458,471457,471456,471446,471455,471453,471452,471451,471450,471449,471448,471454,436674,436638,436640,436659,436660,436661,436662,436663,436664,436658,436665,436667,436668,436669,436670,436671,436672,436666,436639,436657,436655,436641,436642,436643,436644,436645,436646,436656,436647,436649,436650,436651,436652,436653,436654,436648,471469,436746,436748,470621,470620,470619,470618,470617,470616,470622,470615,470613,470612,470611,470610,470609,470608,470614,470607,470623,470625,436832,470641,470640,470636,470635,470634,470624,470633,470631,470630,470629,470628,470627,470626,470632,436831,470606,470604,470585,470584,470583,470582,470581,470580,470586,470579,470577,470576,470575,470574,470573,470572,470578,470605,470587,470589,470603,470602,470601,470600,470599,470598,470588,470597,470595,470594,470593,470592,470591,470590,470596,436747,436830,436828,436767,436768,436769,436770,436771,436772,436766,436773,436775,436776,436777,436778,436779,436780,436774,436781,436765,436763,436749,436750,436751,436752,436753,436754,436764,436755,436757,436758,436759,436760,436761,436762,436756,436829,436782,436784,436803,436804,436805,436806,436807,436808,436802,436809,436811,436812,436813,436814,436826,436827,436810,436783,436801,436799,436785,436786,436787,436788,436789,436790,436800,436791,436793,436794,436795,436796,436797,436798,436792,472560,471470,471472,472462,472461,472460,472459,471665,471664,472463,471660,471658,471657,471656,471655,471654,471653,471659,471652,472464,472466,472480,472479,472478,472477,472476,472475,472465,472474,472472,472471,472470,472469,472468,472467,472473,472481,471651,471649,471630,471629,471628,471627,471626,471625,471631,471624,471622,471621,471620,471619,471618,471617,471623,471650,471632,471634,471648,471647,471646,471645,471644,471643,471633,471642,471640,471639,471638,471637,471636,471635,471641,471616,472482,472490,472540,472539,472538,472537,472536,472535,472541,472534,472532,472531,472530,472529,472528,472527,472533,472526,472542,472544,472558,472557,472556,472555,472554,472553,472543,472552,472550,472549,472548,472547,472546,472545,472551,472483,472525,472523,472504,472503,472502,472501,472500,472499,472505,472498,472496,472495,472494,472493,472492,472491,472497,472524,472506,472508,472522,472521,472520,472519,472518,472517,472507,472516,472514,472513,472512,472511,472510,472509,472515,471471,471615,471613,471522,471521,471520,471519,471518,471517,471523,471516,471514,471513,471512,471511,471510,471509,471515,471508,471524,471526,471540,471539,471538,471537,471536,471535,471525,471534,471532,471531,471530,471529,471528,471527,471533,471541,471507,471505,471486,471485,471484,471483,471482,471481,471487,471480,471478,471477,471476,471475,471474,471473,471479,471506,471488,471490,471504,471503,471502,471501,471500,471499,471489,471498,471496,471495,471494,471493,471492,471491,471497,471614,471542,471544,471594,471593,471592,471591,471590,471589,471595,471588,471586,471585,471584,471583,471582,471581,471587,471580,471596,471598,471612,471611,471610,471609,471608,471607,471597,471606,471604,471603,471602,471601,471600,471599,471605,471543,471579,471577,471558,471557,471556,471555,471554,471553,471559,471552,471550,471549,471548,471547,471546,471545,471551,471578,471560,471562,471576,471575,471574,471573,471572,471571,471561,471570,471568,471567,471566,471565,471564,471563,471569,470571,434744,434742,433596,433597,433598,433599,433600,433601,433595,433602,433604,433605,433606,433607,433608,433609,433603,433610,433594,433592,433566,433579,433580,433581,433582,433583,433593,433584,433586,433587,433588,433589,433590,433591,433585,433565,433611,433613,433632,433633,433634,433635,433636,433637,433631,433638,433640,433641,433642,433643,433644,433645,433639,433612,433630,433628,433614,433615,433616,433617,433618,433619,433629,433620,433622,433623,433624,433625,433626,433627,433621,433646,476554,476556,476606,476605,476604,476603,476602,476601,476607,476600,476598,476597,476596,476595,476594,476593,476599,476592,476608,476610,476624,476623,476622,476621,476620,476619,476609,476618,476616,476615,476614,476613,476612,476611,476617,476555,476591,476589,476570,476569,476568,476567,476566,476565,476571,476564,476562,476561,476560,476559,476558,476557,476563,476590,476572,476574,476588,476587,476586,476585,476584,476583,476573,476582,476580,476579,476578,476577,476576,476575,476581,476625,433647,433649,433740,433741,433742,433743,433753,433754,433739,433755,433757,433758,433759,433760,433761,433762,433756,433763,433738,433736,433722,433723,433724,433725,433726,433727,433737,433728,433730,433731,433732,433733,433734,433735,433729,433721,433764,433766,475739,475738,475737,475736,475735,475734,475740,475733,475731,475730,475729,475728,475727,475726,475732,433765,475741,475743,433767,475756,475755,475754,475753,475752,475742,475751,475749,475748,475747,475746,475745,475744,475750,433648,433720,433718,433668,433669,433670,433671,433672,433673,433667,433674,433676,433677,433678,433679,433680,433681,433675,433682,433666,433664,433650,433651,433652,433653,433654,433655,433665,433656,433658,433659,433660,433661,433662,433663,433657,433719,433683,433685,433704,433705,433706,433707,433708,433709,433703,433710,433712,433713,433714,433715,433716,433717,433711,433684,433702,433700,433686,433687,433688,433689,433690,433691,433701,433692,433694,433695,433696,433697,433698,433699,433693,475725,476626,476628,432694,432695,432696,432697,432698,432699,432693,432700,432702,432703,432704,432705,432706,432707,432701,432708,432692,432690,432676,432677,432678,432679,432680,432681,432691,432682,432684,432685,432686,432687,432688,432689,432683,432675,432709,432711,432738,432739,432740,432741,432742,432743,432737,432744,476778,476777,476776,476775,476774,476773,476779,432710,432736,432734,432712,432713,432714,432715,432716,432717,432735,432718,432728,432729,432730,432731,432732,432733,432719,476772,432674,432672,477611,477610,477609,477608,477607,477606,477612,477605,477603,477602,477601,477600,477599,477598,477604,477597,477613,477615,477629,477628,477627,477626,477625,477624,477614,477623,477621,477620,477619,477618,477617,477616,477622,432673,477596,477594,432658,432659,432660,432661,432662,432663,432657,432664,432666,432667,432668,432669,432670,432671,432665,477595,432656,477579,477593,477592,477591,477590,477589,477588,477578,477587,477585,477584,477583,477582,477581,477580,477586,476627,476771,476769,476678,476677,476676,476675,476674,476673,476679,476672,476670,476669,476668,476667,476666,476665,476671,476664,476680,476682,476696,476695,476694,476693,476692,476691,476681,476690,476688,476687,476686,476685,476684,476683,476689,476697,476663,476661,476642,476641,476640,476639,476638,476637,476643,476636,476634,476633,476632,476631,476630,476629,476635,476662,476644,476646,476660,476659,476658,476657,476656,476655,476645,476654,476652,476651,476650,476649,476648,476647,476653,476770,476698,476700,476750,476749,476748,476747,476746,476745,476751,476744,476742,476741,476740,476739,476738,476737,476743,476736,476752,476754,476768,476767,476766,476765,476764,476763,476753,476762,476760,476759,476758,476757,476756,476755,476761,476699,476735,476733,476714,476713,476712,476711,476710,476709,476715,476708,476706,476705,476704,476703,476702,476701,476707,476734,476716,476718,476732,476731,476730,476729,476728,476727,476717,476726,476724,476723,476722,476721,476720,476719,476725,434743,475724,475722,474546,474545,474544,474543,474542,474541,474547,474540,474538,474532,474531,474530,474529,474528,474539,474527,474548,474550,474564,474563,474562,474561,474560,474559,474549,474558,474556,474555,474554,474553,474552,474551,474557,474565,474526,474524,474505,434585,434586,434587,434588,434589,474506,434590,434592,434593,434594,434595,434596,434597,434591,474525,474507,474509,474523,474522,474521,474520,474519,474518,474508,474517,474515,474514,474513,474512,474511,474510,474516,434598,474566,474568,474618,474617,474616,474615,474614,474613,474619,474612,474610,474609,474608,474607,474606,474605,474611,474604,474620,474622,474636,474635,474634,474633,474632,474631,474621,474630,474628,474627,474626,474625,474624,474623,474629,474567,474603,474601,474582,474581,474580,474579,474578,474577,474583,474576,474574,474573,474572,474571,474570,474569,474575,474602,474584,474586,474600,474599,474598,474597,474596,474595,474585,474594,474592,474591,474590,474589,474588,474587,474593,474637,434599,434601,434692,434693,434694,434695,434696,434697,434691,434698,434700,434701,434702,434703,434704,434705,434699,434706,434690,434688,434674,434675,434676,434677,434678,434679,434689,434680,434682,434683,434684,434685,434686,434687,434681,434673,434707,434709,434728,434729,434730,434731,434732,434733,434727,434734,434736,434737,434738,434739,434740,434741,434735,434708,434726,434724,434710,434711,434712,434713,434714,434715,434725,434716,434718,434719,434720,434721,434722,434723,434717,434600,434672,434670,434620,434621,434622,434623,434624,434625,434619,434626,434628,434629,434630,434631,434632,434633,434627,434634,434618,434616,434602,434603,434604,434605,434606,434607,434617,434608,434610,434611,434612,434613,434614,434615,434609,434671,434635,434637,434656,434657,434658,434659,434660,434661,434655,434662,434664,434665,434666,434667,434668,434669,434663,434636,434654,434652,434638,434639,434640,434641,434642,434643,434653,434644,434646,434647,434648,434649,434650,434651,434645,475723,474638,474640,475631,475630,475629,475628,475627,475626,475632,475625,475623,475622,475621,475620,475619,475618,475624,475617,475633,475635,475649,475648,475647,475646,475645,475644,475634,475643,475641,475640,475639,475638,475637,475636,475642,475650,475616,475614,475595,475594,475593,475592,475591,475590,475596,475589,475587,475586,475585,475584,475583,475582,475588,475615,475597,475599,475613,475612,475611,475610,475609,475608,475598,475607,475605,475604,475603,475602,475601,475600,475606,475581,475651,475653,475703,475702,475701,475700,475699,475698,475704,475697,475695,475694,475693,475692,475691,475690,475696,475689,475705,475707,475721,475720,475719,475718,475717,475716,475706,475715,475713,475712,475711,475710,475709,475708,475714,475652,475688,475686,475667,475666,475665,475664,475663,475662,475668,475661,475659,475658,475657,475656,475655,475654,475660,475687,475669,475671,475685,475684,475683,475682,475681,475680,475670,475679,475677,475676,475675,475674,475673,475672,475678,474639,475580,475578,474690,474689,474688,474687,474686,474685,474691,474684,474682,474681,474680,474679,474678,474677,474683,474676,474692,474694,474708,474707,474706,474705,474704,474703,474693,474702,474700,474699,474698,474697,474696,474695,474701,474709,474675,474673,474654,474653,474652,474651,474650,474649,474655,474648,474646,474645,474644,474643,474642,474641,474647,474674,474656,474658,474672,474671,474670,474669,474668,474667,474657,474666,474664,474663,474662,474661,474660,474659,474665,475579,474710,474712,475559,475558,475557,475556,475555,475554,475560,475553,475551,475550,475549,475548,475546,475545,475552,475544,475561,475563,475577,475576,475575,475574,475573,475572,475562,475571,475569,475568,475567,475566,475565,475564,475570,474711,475543,475541,474726,474725,474724,474723,474722,474721,474727,474720,474718,474717,474716,474715,474714,474713,474719,475542,474728,474730,475540,475539,475538,475537,475536,475535,474729,475534,475532,475531,475530,475529,474732,474731,475533,414243,470570,470568,439821,439822,439823,439824,439825,439826,439820,439827,439829,439830,439831,439832,439833,439834,439828,439835,439819,439817,439803,439804,439805,439806,439807,439808,439818,439809,439811,439812,439813,439814,439815,439816,439810,439802,439836,439838,439857,439858,439859,439860,439861,439862,439856,439863,439865,439866,439867,439868,439869,439870,439864,439837,439855,439853,439839,439840,439841,439842,439843,439844,439854,439845,439847,439848,439849,439850,439851,439852,439846,439871,439801,439799,439749,439750,439751,439752,439753,439754,439748,439755,439757,439758,439759,439760,439761,439762,439756,439763,439747,439745,439723,439724,439733,439734,439735,439736,439746,439737,439739,439740,439741,439742,439743,439744,439738,439800,439764,439766,439785,439786,439787,439788,439789,439790,439784,439791,439793,439794,439795,439796,439797,439798,439792,439765,439783,439781,439767,439768,439769,439770,439771,439772,439782,439773,439775,439776,439777,439778,439779,439780,439774,439722,439872,439874,465478,465477,465476,465475,465474,465473,465479,465472,465470,465469,465468,465467,465466,465465,465471,465464,465480,465482,465496,465495,465494,465493,465492,465491,465481,465490,465488,465487,465486,465485,465484,465483,465489,465497,465463,465461,465442,465441,465440,465439,465438,465437,465443,465436,465434,465433,465432,465431,465430,465429,465435,465462,465444,465446,465460,465459,465458,465457,465456,465455,465445,465454,465452,465451,465450,465449,465448,465447,465453,439873,465498,465500,439909,439910,439911,439912,439913,439914,439908,439915,439917,439918,439919,439920,439921,439922,439916,439923,439907,439905,439875,439876,439877,439878,439879,439880,439906,439881,439883,439884,439885,439886,439887,439904,439882,465499,439924,439926,465514,465513,465512,465511,465510,465509,465515,465508,465506,465505,465504,465503,465502,465501,465507,439925,465516,465518,439927,439928,439929,439930,439931,439932,465517,439933,465524,465523,465522,465521,465520,465519,465525,465428,439721,439719,466510,466509,466508,466507,466506,466505,466511,466504,466502,466501,466500,466499,466498,466497,466503,466496,466512,466514,466528,466527,466526,466525,466524,466523,466513,466522,466520,466519,466518,466517,466516,466515,466521,466529,466495,466493,466474,466473,466472,466471,466470,466469,466475,466468,466466,466465,466464,466463,466462,466461,466467,466494,466476,466478,466492,466491,466490,466489,466488,466487,466477,466486,466484,466483,466482,466481,466480,466479,466485,466460,466530,466532,467385,467384,467383,467382,467381,467380,467386,467379,467377,467376,467375,467374,467373,467372,467378,467371,467387,467389,467403,467402,467401,467400,467399,467398,467388,467397,467395,467394,467393,467392,467391,467390,467396,466531,467362,467360,466546,466545,466544,466543,466542,466541,466547,466540,466538,466537,466536,466535,466534,466533,466539,467361,466548,467345,467359,467358,467357,467356,467355,467354,467344,467353,467351,467350,467349,467348,467347,467346,467352,439720,466459,466457,466366,466365,466364,466363,466362,466361,466367,466360,466358,466357,466356,466355,466354,466353,466359,466352,466368,466370,466384,466383,466382,466381,466380,466379,466369,466378,466376,466375,466374,466373,466372,466371,466377,466385,466351,466349,439705,439706,439707,439708,439709,439710,439704,439711,439713,439714,439715,439716,439717,439718,439712,466350,439703,439701,466348,466347,466346,466338,466337,466336,439702,466335,466333,466332,466331,466330,466329,466321,466334,466458,466386,466388,466438,466437,466436,466435,466434,466433,466439,466432,466430,466429,466428,466427,466426,466425,466431,466424,466440,466442,466456,466455,466454,466453,466452,466451,466441,466450,466448,466447,466446,466445,466444,466443,466449,466387,466423,466421,466402,466401,466400,466399,466398,466397,466403,466396,466394,466393,466392,466391,466390,466389,466395,466422,466404,466406,466420,466419,466418,466417,466416,466415,466405,466414,466412,466411,466410,466409,466408,466407,466413,467404,465427,465425,464448,464447,464446,464445,464444,464443,464449,464442,464440,464439,464438,464437,464436,464435,464441,464434,464450,464452,464466,464465,464464,464463,464462,464461,464451,464460,464458,464457,464456,464455,464454,464453,464459,464467,464433,464431,464412,464411,464410,464409,464408,464407,464413,464406,464404,464403,464402,464401,464400,464399,464405,464432,464414,464416,464430,464429,464428,464427,464426,464425,464415,464424,464422,464421,464420,464419,464418,464417,464423,464398,464468,464470,440942,440943,440944,440945,440946,440947,440941,440948,440950,440951,440952,440953,440954,440955,440949,440956,440940,440938,440909,440910,440911,440912,440928,440929,440939,440930,440932,440933,440934,440935,440936,440937,440931,464469,440957,440959,464484,464483,464482,464481,464480,464479,464485,464478,464476,464475,464474,464473,464472,464471,464477,440958,464486,464488,464502,464501,464500,464499,464498,464497,464487,464496,464494,464493,464492,464491,464490,464489,464495,440908,464397,464395,464304,464303,464302,464301,464300,464299,464305,464290,464288,464287,464286,464285,464284,464283,464289,463479,464306,464308,464322,464321,464320,464319,464318,464317,464307,464316,464314,464313,464312,464311,464310,464309,464315,464323,463478,463476,463457,463456,463455,463454,463453,463452,463458,463451,463449,463448,463447,463446,463445,463444,463450,463477,463459,463461,463475,463474,463473,463472,463471,463470,463460,463469,463467,463466,463465,463464,463463,463462,463468,464396,464324,464326,464376,464375,464374,464373,464372,464371,464377,464370,464368,464367,464366,464365,464364,464363,464369,464362,464378,464380,464394,464393,464392,464391,464390,464389,464379,464388,464386,464385,464384,464383,464382,464381,464387,464325,464361,464359,464340,464339,464338,464337,464336,464335,464341,464334,464332,464331,464330,464329,464328,464327,464333,464360,464342,464344,464358,464357,464356,464355,464354,464353,464343,464352,464350,464349,464348,464347,464346,464345,464351,465426,440907,440905,465334,465333,465332,465331,465330,465329,465335,465328,465326,465325,465324,465323,465322,465314,465327,465313,465336,465338,465352,465351,465350,465349,465348,465347,465337,465346,465344,465343,465342,465341,465340,465339,465345,465353,465312,465310,440739,440740,440741,440742,440743,440744,440738,440745,440747,440748,440757,440758,440759,440760,440746,465311,440737,440735,465309,465308,465307,465306,440725,440726,440736,440727,440729,440730,440731,440732,440733,440734,440728,440761,465354,465356,465406,465405,465404,465403,465402,465401,465407,465400,465398,465397,465396,465395,465394,465393,465399,465392,465408,465410,465424,465423,465422,465421,465420,465419,465409,465418,465416,465415,465414,465413,465412,465411,465417,465355,465391,465389,465370,465369,465368,465367,465366,465365,465371,465364,465362,465361,465360,465359,465358,465357,465363,465390,465372,465374,465388,465387,465386,465385,465384,465383,465373,465382,465380,465379,465378,465377,465376,465375,465381,440906,440762,440764,440855,440856,440857,440858,440859,440860,440854,440861,440863,440864,440865,440866,440867,440868,440862,440869,440853,440851,440837,440838,440839,440840,440841,440842,440852,440843,440845,440846,440847,440848,440849,440850,440844,440836,440870,440872,440891,440892,440893,440894,440895,440896,440890,440897,440899,440900,440901,440902,440903,440904,440898,440871,440889,440887,440873,440874,440875,440876,440877,440878,440888,440879,440881,440882,440883,440884,440885,440886,440880,440763,440835,440833,440783,440784,440785,440786,440787,440788,440782,440789,440791,440792,440793,440794,440795,440796,440790,440797,440781,440779,440765,440766,440767,440768,440769,440770,440780,440771,440773,440774,440775,440776,440777,440778,440772,440834,440798,440800,440819,440820,440821,440822,440823,440824,440818,440825,440827,440828,440829,440830,440831,440832,440826,440799,440817,440815,440801,440802,440803,440804,440805,440806,440816,440807,440809,440810,440811,440812,440813,440814,440808,470569,467405,467407,469427,469426,469425,469424,469423,469422,469428,469421,469419,469418,469410,469409,469408,469407,469420,469406,469429,469431,469445,469444,469443,469442,469441,469440,469430,469439,469437,469436,469435,469434,469433,469432,469438,469446,469405,469403,437702,437703,437704,437705,437706,437707,437701,437708,437710,437711,437712,437713,437714,437715,437709,469404,437700,437698,469402,469401,469400,469399,469398,469397,437699,469396,469394,469393,469392,469391,437696,437697,469395,437716,469447,469449,469499,469498,469497,469496,469495,469494,469500,469493,469491,469490,469489,469488,469487,469486,469492,469485,469501,469503,469517,469516,469515,469514,469513,469512,469502,469511,469509,469508,469507,469506,469505,469504,469510,469448,469484,469482,469463,469462,469461,469460,469459,469458,469464,469457,469455,469454,469453,469452,469451,469450,469456,469483,469465,469467,469481,469480,469479,469478,469477,469476,469466,469475,469473,469472,469471,469470,469469,469468,469474,469518,437717,437719,437810,437811,437812,437813,437814,437815,437809,437816,437818,437819,437820,437821,437822,437823,437817,437824,437808,437806,437792,437793,437794,437795,437796,437797,437807,437798,437800,437801,437802,437803,437804,437805,437799,437791,437825,437827,437857,437859,437860,437861,437862,468594,437856,468593,468591,468590,468589,468588,468587,468586,468592,437826,437855,437853,437828,437829,437830,437831,437832,437833,437854,437834,437836,437837,437838,437850,437851,437852,437835,437718,437790,437788,437738,437739,437740,437741,437742,437743,437737,437744,437746,437747,437748,437749,437750,437751,437745,437752,437736,437734,437720,437721,437722,437723,437724,437725,437735,437726,437728,437729,437730,437731,437732,437733,437727,437789,437753,437755,437774,437775,437776,437777,437778,437779,437773,437780,437782,437783,437784,437785,437786,437787,437781,437754,437772,437770,437756,437757,437758,437759,437760,437761,437771,437762,437764,437765,437766,437767,437768,437769,437763,468585,469519,469521,470477,470476,470475,470474,470473,470472,470478,470471,470469,470468,470467,470466,470465,470464,470470,470463,470479,470481,470495,470494,470493,470492,470491,470490,470480,470489,470487,470486,470485,470484,470483,470482,470488,470496,470462,470460,470434,470433,470432,470431,470430,470429,470442,470428,470426,470425,470424,470423,470422,470421,470427,470461,470443,470445,470459,470458,470457,470456,470455,470454,470444,470453,470451,470450,470449,470448,470447,470446,470452,470420,470497,470499,470549,470548,470547,470546,470545,470544,470550,470543,470541,470540,470539,470538,470537,470536,470542,470535,470551,470553,470567,470566,470565,470564,470563,470562,470552,470561,470559,470558,470557,470556,470555,470554,470560,470498,470534,470532,470513,470512,470511,470510,470509,470508,470514,470507,470505,470504,470503,470502,470501,470500,470506,470533,470515,470517,470531,470530,470529,470528,470527,470526,470516,470525,470523,470522,470521,470520,470519,470518,470524,469520,470419,470417,469571,469570,469569,469568,469567,469566,469572,469565,469563,469562,469561,469560,469559,469558,469564,469557,469573,469575,469589,469588,469587,469586,469585,469584,469574,469583,469581,469580,469579,469578,469577,469576,469582,469590,469556,469554,469535,469534,469533,469532,469531,469530,469536,469529,469527,469526,469525,469524,469523,469522,469528,469555,469537,469539,469553,469552,469551,469550,469549,469548,469538,469547,469545,469544,469543,469542,469541,469540,469546,470418,469591,469593,437668,437669,437670,437671,437672,437673,437667,437674,437676,437677,437678,437679,437680,437681,437675,437682,437666,437664,470416,470415,470414,470413,437654,437655,437665,437656,437658,437659,437660,437661,437662,437663,437657,469592,437683,437685,469607,469606,469605,469604,469603,469602,469608,469601,469599,469598,469597,469596,469595,469594,469600,437684,469609,469611,437686,437687,437688,437689,437690,437691,469610,437692,469617,469616,437694,437695,469613,469612,437693,467406,468584,468582,438856,438857,438858,438859,438860,438861,438855,438862,438875,438876,438877,438878,438879,438880,438863,438881,438854,438852,438838,438839,438840,438841,438842,438843,438853,438844,438846,438847,438848,438849,438850,438851,438845,438837,438882,438884,467565,467564,467563,467562,467561,467560,467566,467559,467557,467556,467555,467554,467553,467552,467558,438883,467567,467569,438885,438886,438887,438888,438889,438890,467568,438891,438897,438898,438899,438900,438901,467570,438896,467551,438836,438834,438784,438785,438786,438787,438788,438789,438783,438790,438792,438793,438794,438795,438796,438797,438791,438798,438782,438780,438766,438767,438768,438769,438770,438771,438781,438772,438774,438775,438776,438777,438778,438779,438773,438835,438799,438801,438820,438821,438822,438823,438824,438825,438819,438826,438828,438829,438830,438831,438832,438833,438827,438800,438818,438816,438802,438803,438804,438805,438806,438807,438817,438808,438810,438811,438812,438813,438814,438815,438809,438765,467550,467548,467457,467456,467455,467454,467453,467452,467458,467451,467449,467448,467447,467446,467445,467444,467450,467443,467459,467461,467475,467474,467473,467472,467471,467470,467460,467469,467467,467466,467465,467464,467463,467462,467468,467476,467442,467440,467421,467420,467419,467418,467417,467416,467422,467415,467413,467412,467411,467410,467409,467408,467414,467441,467423,467425,467439,467438,467437,467436,467435,467434,467424,467433,467431,467430,467429,467428,467427,467426,467432,467549,467477,467479,467529,467528,467527,467526,467525,467524,467530,467523,467521,467520,467519,467518,467517,467516,467522,467515,467531,467533,467547,467546,467545,467544,467543,467542,467532,467541,467539,467538,467537,467536,467535,467534,467540,467478,467514,467512,467493,467492,467491,467490,467489,467488,467494,467487,467485,467484,467483,467482,467481,467480,467486,467513,467495,467497,467511,467510,467509,467508,467507,467506,467496,467505,467503,467502,467501,467500,467499,467498,467504,468583,438764,438762,468491,468490,468489,468488,468487,468486,468492,468485,468483,468482,468481,468480,468479,468478,468484,468477,468493,468495,468509,468508,468507,468506,468505,468504,468494,468503,468501,468500,468499,468498,468497,468496,468502,468510,468476,468474,468455,468454,468453,468452,468451,468450,468456,468449,468447,468446,468445,468444,468443,468442,468448,468475,468457,468459,468473,468472,468471,468470,468469,468468,468458,468467,468465,468464,468463,468462,468461,468460,468466,468441,468511,468513,468563,468562,468561,468560,468559,468558,468564,468557,468555,468554,468553,468552,468551,468550,468556,468549,468565,468567,468581,468580,468579,468578,468577,468576,468566,468575,468573,468572,468571,468570,468569,468568,468574,468512,468548,468546,468527,468526,468525,468524,468523,468522,468528,468521,468519,468518,468517,468516,468515,468514,468520,468547,468529,468531,468545,468544,468543,468542,468541,468540,468530,468539,468537,468536,468535,468534,468533,468532,468538,438763,468440,468438,438712,438713,438714,438715,438716,438717,438711,438718,438720,438721,438722,438723,438724,438725,438719,438726,438710,438701,438687,438688,438689,438690,438691,438692,438709,438693,438695,438696,438697,438698,438699,438700,438694,438686,438727,438729,438748,438749,438750,438751,438752,438753,438747,438754,438756,438757,438758,438759,438760,438761,438755,438728,438746,438744,438730,438731,438732,438733,438734,438735,438745,438736,438738,438739,438740,438741,438742,438743,438737,468439,438685,438683,468419,468418,468417,468416,468415,468414,468420,468413,468411,468410,468409,468408,468407,468406,468412,468405,468421,468423,468437,468436,468435,468434,468433,468432,468422,468431,468429,468428,468427,468426,468425,468424,468430,438684,468404,468402,468375,468374,468373,468372,468371,468370,468376,468369,438677,438678,438679,438680,438681,438682,468368,468403,468377,468379,468401,468400,468399,468398,468397,468396,468378,468395,468385,468384,468383,468382,468381,468380,468386,414242,542123,409093,402959,402960,402961,402962,516521,516522,516523,516524,516525,516526,516527,516528,516529,402963,516530,516531,516532,402964,402965,402966,402967,402958,402968,402957,516519,516498,516499,516500,516501,516502,516503,516504,516505,516506,516507,516508,516509,516510,516511,516512,516513,516514,516515,516516,516517,516518,516520,516497,402969,402971,516554,516555,516556,516557,396899,396900,396901,396902,396903,396904,396905,516558,516559,516560,516561,516562,396906,396913,396914,396915,396916,516553,402970,516552,516550,396895,396896,516533,516534,516535,516536,396897,396898,516537,516538,516539,516540,516541,516542,516543,516544,516545,516546,516547,516548,516549,516551,516496,516495,408017,402939,402940,402941,402942,402943,402944,402945,402946,402947,408071,408070,408069,408068,408067,408066,408065,402948,402949,402950,402951,402952,402938,402953,402937,402935,396867,396868,396887,396888,396889,396890,396891,396892,408074,408073,408072,402927,402928,402929,402930,402931,396893,396894,402932,402933,402934,402936,402954,408064,408063,408038,408037,408036,408035,408034,408033,408032,408031,408030,408029,408028,408027,408026,408025,408024,408023,408022,408021,408020,408019,408018,408039,408040,408041,408042,408062,408061,408060,408059,408058,408057,408056,408055,408054,408053,396917,408052,402956,408051,408050,408049,408048,408047,408046,408045,408044,408043,402955,396918,402972,402973,516654,516655,516656,516657,516658,516659,516660,516661,516662,516663,516664,516665,516666,516667,516668,516669,516670,516671,516672,516673,516674,516653,516675,516652,516650,516629,516630,516631,516632,516633,516634,516635,516636,516637,516638,516639,516640,516641,516642,516643,516644,516645,516646,516647,516648,516649,516651,516676,516677,516678,527874,527875,527876,527877,403067,527878,527879,527880,527881,516681,516682,516683,516684,516685,516686,516687,516688,516689,516690,516691,516692,527873,527872,527871,527870,516679,516680,403036,403037,403038,403039,403040,403041,403042,403043,403035,403044,403046,403047,403048,403049,403050,403051,403055,403056,403057,527869,403045,396860,403034,403005,402978,402979,402980,402981,402982,402983,402984,402985,402986,516584,516585,516586,516587,516588,516589,516590,516591,516592,516593,516594,516595,402977,516596,516583,516581,402974,402975,402976,516563,516564,516565,516566,516567,516568,516569,516570,516571,516572,516573,516574,516575,516576,516577,516578,516579,516580,516582,516597,516598,516599,516626,516627,516628,402987,402988,402989,402990,402991,402992,402993,402994,402995,402996,402997,402998,402999,403000,403001,403002,403003,403004,516625,516624,516623,516622,516600,516601,516602,516603,516604,516605,516606,516607,516608,516609,403033,516610,516612,516613,516614,516615,516616,516617,516618,516619,516620,516621,516611,516693,396859,396857,533990,533989,533988,527832,527833,527834,527835,527836,527837,527838,527839,533987,533986,533985,533984,533983,527840,527841,527842,527843,527844,533991,527845,533992,527831,527815,527816,707033,707032,707031,707030,707029,527817,527818,527819,527820,527821,527822,527823,527824,527825,527826,527827,527828,527829,527830,533993,533994,533982,533980,533965,533964,408176,408175,408174,408173,408172,408171,408170,408169,408168,408167,408166,408165,408164,408163,408162,408161,408160,408159,408158,533966,533981,533967,533969,533979,533978,533977,533976,527846,527847,527848,527849,527850,527851,527852,527853,408191,408190,408189,533975,533974,533973,533972,533971,533970,533968,533995,515698,533996,515640,515641,515642,515643,515644,515645,515646,515647,515648,515649,515650,515651,515652,515653,515654,515655,515656,515657,515658,515659,515660,527814,515661,527813,515638,515619,515620,515621,515622,515623,515624,515625,527811,527812,515626,515627,515628,515629,515630,515631,515632,515633,515634,515635,515636,515637,515639,515662,515663,515664,515689,515690,515691,515692,515693,515694,534009,534008,534007,534006,515695,515696,534005,534004,534003,534002,534001,534000,533999,533998,533997,534010,534011,515688,515687,515665,515666,515667,515668,515669,515670,515671,515672,515673,515674,408157,515675,515677,515678,515679,515680,515681,515682,515683,515684,515685,515686,515676,408156,408155,408154,699865,699866,699867,699868,699869,699870,699871,699872,533931,533930,533929,533928,533927,533926,533925,533924,533923,533922,533921,533920,533919,699864,527866,699863,699861,533938,533937,533936,533935,533934,533933,533932,699839,699840,699841,699842,699848,699849,699853,699854,699855,699856,699857,699858,699859,699860,699862,527867,527868,402903,533915,533914,533913,533912,533911,533910,533909,533908,533907,533906,533905,533904,396848,396849,396850,396851,396852,396853,396854,396855,396856,533916,533917,533918,402926,402904,402905,402906,402907,402908,402909,402910,402911,402912,402913,533939,402914,402916,402917,402918,402919,402920,402921,402922,402923,402924,402925,402915,396858,533940,533942,408113,408112,408111,408110,408109,408108,408107,408106,408105,408104,408103,408102,408101,408100,408099,408098,408097,408096,408095,408094,408093,408114,408092,408115,408117,408153,408152,408151,408150,408149,408142,408141,408140,408139,408138,408137,408136,408126,408125,408124,408123,408122,408121,408120,408119,408118,408116,408091,408090,408089,533954,533953,533952,527857,527858,533951,533950,533949,527859,527860,527861,527862,527863,527864,527865,533948,533947,533946,533945,533944,533943,533955,533956,533957,533958,408088,408087,408086,408085,408084,408083,408082,408081,408080,408079,533941,408078,527855,527856,408077,408076,408075,533963,533962,533961,533960,533959,527854,515618,516694,516696,517652,517653,517654,517655,517656,517657,517658,517659,517660,517661,517662,517663,517664,517665,517666,517667,517668,517669,517670,517671,517672,517651,517673,517650,517648,517627,517628,517629,517630,517631,517632,517633,517634,517635,517636,517637,517638,517639,517640,517641,517642,517643,517644,517645,517646,517647,517649,517626,517674,517676,517702,517703,517704,517705,517706,517707,517708,517709,517710,517711,517712,517713,517714,517715,517716,517717,517718,517719,517720,517721,517722,517701,517675,517700,517698,517677,517678,517679,517680,517681,517682,517683,517684,517685,517686,517687,517688,517689,517690,517691,517692,517693,517694,517695,517696,517697,517699,517625,517624,517623,517551,517552,517553,517554,517555,517556,517557,517558,517559,517560,517561,517562,517563,517564,517565,517566,517567,517568,517569,517570,517571,517550,517572,517549,517547,517526,517527,517528,517529,517530,517531,517532,517533,517534,517535,517536,517537,517538,517539,517540,517541,517542,517543,517544,517545,517546,517548,517573,517574,517575,517602,517603,517604,517605,517606,517607,517608,517609,517610,517611,517612,517613,517614,517615,517616,517617,517618,517619,517620,517621,517622,517601,517600,517599,517598,517576,517577,517578,517579,517580,517581,517582,517583,517584,517585,517723,517586,517588,517589,517590,517591,517592,517593,517594,517595,517596,517597,517587,517724,517725,517726,407091,407090,407089,407088,407087,407086,407085,407084,407083,407082,407081,407080,407079,407078,407077,407076,407075,407074,407073,407072,407071,407092,407070,407093,407095,407141,407140,407139,407138,407137,407136,407135,407134,407133,407132,407131,407130,407129,407128,407102,407101,407100,407099,407098,407097,407096,407094,407069,407068,407067,407040,407039,407038,407037,407036,407035,407034,407033,407032,407031,407030,407029,407028,407027,407026,407025,407024,407023,407022,407021,407020,407041,407042,407043,407044,407066,407065,407064,407063,407062,407061,407060,407059,407058,407057,407142,407056,407054,407053,407052,407051,407050,407049,407048,407047,407046,407045,407055,517525,407143,407145,397794,397795,397796,397797,397798,397799,397800,527963,527964,527965,527966,527967,527968,527969,527970,527971,527972,527973,527974,397801,397802,397793,527975,397792,397790,517727,517728,517729,517730,517731,517732,517733,517734,517735,517736,517737,397780,397781,397782,397783,397784,397785,397786,397787,397788,397789,397791,527976,527977,527978,517742,517743,517744,517745,517746,517747,523872,523871,523870,523869,523868,523867,407167,407166,407165,407153,407152,407151,407148,407147,407146,517741,517740,517739,517738,523885,523884,523883,523882,523881,523880,523879,523878,523877,523876,407144,523875,523873,397803,397804,397805,397806,397807,397808,397809,397810,397811,523874,516695,517524,517522,533041,533040,533039,533038,533037,533036,533035,533034,533033,533032,533031,533030,533029,533028,533027,533026,533025,533024,533023,533022,533021,533042,533020,533043,533045,533066,533065,533064,533063,533062,533061,533060,533059,533058,533057,533056,533055,533054,533053,533052,533051,533050,533049,533048,533047,533046,533044,533067,533019,533017,532991,532990,532989,532988,532987,532986,532985,532984,532983,532982,532981,532980,532979,532978,532977,532976,532975,532974,532973,532972,532971,532992,533018,532993,532995,533016,533015,533014,533013,533012,533011,533010,533009,533008,533007,533006,533005,533004,533003,533002,533001,533000,532999,532998,532997,532996,532994,533068,533069,533070,516722,516723,408016,408015,408014,408013,408012,408011,408010,408009,408008,527882,527883,527884,408003,527885,527886,408002,408001,408000,407999,516721,407998,516720,516718,516697,516698,516699,516700,516701,516702,516703,516704,516705,516706,516707,516708,516709,516710,516711,516712,516713,516714,516715,516716,516717,516719,407997,407996,407991,533092,533091,533090,533089,533088,533087,533086,533085,533084,533083,533081,533080,533079,533078,533077,533076,533075,533074,533073,533072,533071,533093,533094,533095,533096,527887,527888,527889,527890,527891,527892,527893,527894,527895,527896,532970,527897,527899,527900,533104,533103,533102,533101,533100,533099,533098,533097,527898,532969,532968,532967,527914,527915,527916,527917,527918,527919,527920,527921,527922,527923,527924,527925,527926,527927,527928,527929,527930,527931,527932,527933,527934,527913,527935,527912,527910,700887,700888,700889,700890,700891,700892,700893,700894,700895,700896,527901,527902,527903,527904,527905,527906,527907,403068,403069,527908,527909,527911,527936,527937,527938,527960,527961,527962,397755,397756,397757,397758,397763,517517,517518,397764,397765,397766,397767,397776,397777,397778,397779,517519,517520,517521,527959,527958,527957,527956,527939,527940,527941,527942,527943,527944,527945,527946,527947,527948,700886,523893,523891,523890,527949,527950,527951,527952,527953,397754,527954,527955,523892,517523,700885,700883,532941,532940,532939,532938,532937,532936,532935,532934,532933,532932,532931,532930,532929,532928,532927,532926,532925,532924,532923,532922,532921,532942,532920,532943,532945,532966,532965,532964,532963,532962,532961,532960,532959,532958,532957,532956,532955,532954,532953,532952,532951,532950,532949,532948,532947,532946,532944,532919,532918,532917,532890,532889,532888,532887,532886,532885,532884,532883,532882,532881,532880,700862,700863,700864,700865,700872,700878,700879,700880,700881,700882,532891,532892,532893,532894,532916,532915,532914,532913,532912,532911,532910,532909,532908,532907,700884,532906,532904,532903,532902,532901,532900,532899,532898,532897,532896,532895,532905,407019,515617,515615,535008,535007,535006,535005,535004,535003,524785,524784,524783,524782,524781,524780,514448,514449,514450,514451,514452,514453,514454,514455,514456,535009,514457,535010,535011,535032,535031,535030,535029,535028,535027,535026,535025,535024,535023,535022,535021,535020,535019,535018,535017,535016,535015,535014,535013,535012,524786,535033,514458,514460,514471,514472,514473,514474,514475,514476,514477,514478,514479,514480,514481,514482,514483,514484,514485,514486,514487,514488,514489,514490,514491,514470,514459,514469,514467,535002,535001,535000,534999,534998,534997,534996,534995,514461,514462,514463,514464,514465,534994,534993,534992,534991,534990,534989,534988,514466,514468,535034,535035,535036,535101,535100,535099,535098,535097,535096,535095,535094,535093,535092,535091,535090,535089,535088,535087,535086,535085,535084,535083,535082,535081,535102,535080,535103,535105,535139,535138,535124,535123,535122,535121,535120,535119,535118,535117,535116,535115,535114,535113,535112,535111,535110,535109,535108,535107,535106,535104,535079,535078,535077,535055,535054,535053,535052,535051,535050,535049,535048,535047,535046,535045,535044,524788,524787,535043,535042,535041,535040,535039,535038,535037,535056,535057,535058,535059,535076,535075,535074,535073,535072,535071,535070,535069,535068,535067,514492,524791,400868,524790,524789,535066,535065,535064,535063,535062,535061,535060,400869,514493,514494,514495,524767,524766,524765,524764,524763,524762,524761,524760,524759,524758,524757,524756,524755,524754,524753,524752,524751,524750,524749,524748,524747,524768,524746,524769,524771,534942,534941,534940,534939,534938,534937,534936,534935,534934,534933,534932,534931,534930,534929,534928,524777,524776,524775,524774,524773,524772,524770,524745,524744,524743,524716,524715,524714,524713,524712,524711,524710,524709,524708,524707,524706,524705,524704,524703,524702,524701,524700,524699,524698,524697,524696,524717,524718,524719,524720,524742,524741,524740,524739,524738,524737,524736,524735,524734,524733,534943,524732,524730,524729,524728,524727,524726,524725,524724,524723,524722,524721,524731,535140,534944,534946,514521,514522,514523,514524,514525,514526,514527,514528,514529,514530,514531,514532,514533,514534,514535,514536,514537,514538,514539,534987,534986,514520,534985,514519,514517,514496,514497,514498,514499,514500,514501,514502,514503,514504,514505,514506,514507,514508,514509,514510,514511,514512,514513,514514,514515,514516,514518,534984,534983,534982,400858,524778,534965,534964,534963,534962,534961,534960,534959,534958,534957,534956,534955,534954,534953,534952,534951,534950,534949,534948,534947,400859,400860,400861,400862,534981,534980,534979,534978,534977,534976,534975,534974,534973,534972,534945,534971,534969,534968,534967,534966,524779,400867,400866,400865,400864,400863,534970,524695,535141,535143,400888,400887,400886,400885,400884,400883,400882,400881,400880,400879,400878,400877,400876,400875,524806,513540,513541,513542,513543,513544,513545,513539,513546,513538,513536,513522,513523,513524,513525,513526,513527,513528,524810,524809,524808,524807,400891,400890,400889,513529,513530,513531,513532,513533,513534,513535,513537,513521,513547,513549,513575,513576,513577,513578,513579,513580,513581,513582,513583,513584,513585,513586,513587,513588,513589,513590,513591,513592,513593,513594,513595,513574,513548,513573,513571,513550,513551,513552,513553,513554,513555,513556,513557,513558,513559,513560,513561,513562,513563,513564,513565,513566,513567,513568,513569,513570,513572,513520,513519,513518,395757,395758,395759,395760,395761,395762,395763,395764,395765,395766,395767,395768,395769,395770,395771,395772,395773,395774,395775,395776,513466,395756,513467,395755,395753,395745,395746,395747,395748,395749,395750,395751,400894,400893,400892,524820,524819,524818,524817,524816,524815,524814,524813,524812,524811,395752,395754,513468,513469,513470,513497,513498,513499,513500,513501,513502,513503,513504,513505,513506,513507,513508,513509,513510,513511,513512,513513,513514,513515,513516,513517,513496,513495,513494,513493,513471,513472,513473,513474,513475,513476,513477,513478,513479,513480,513596,513481,513483,513484,513485,513486,513487,513488,513489,513490,513491,513492,513482,513597,513598,513599,395878,395879,395880,395881,395882,395889,395890,697791,697792,697793,697794,697795,697796,697799,697800,697801,697802,697803,697804,697805,697806,395877,697807,395876,395874,395834,395835,395836,395837,395841,395842,395843,395844,395845,395862,395863,395864,395865,395866,395867,395868,395869,395870,395871,395872,395873,395875,697808,697809,697810,524799,524798,524797,400874,400873,400872,400871,400870,524796,524795,524794,524793,524792,535151,535150,535149,535148,535147,535146,535145,535144,524800,524801,524802,524803,697811,697812,697813,697814,697815,697816,697817,697818,697819,697820,395833,697821,697823,697824,697825,697826,395891,395892,395893,395894,524805,524804,697822,535142,395832,395830,513625,513626,513627,513628,513629,513630,513631,513632,513633,513634,513635,513636,513637,513638,513639,513644,513645,513646,513647,513648,513649,513624,513650,513623,513621,513600,513601,513602,513603,513604,513605,513606,513607,513608,513609,513610,513611,513612,513613,513614,513615,513616,513617,513618,513619,513620,513622,395777,395778,395779,395806,395807,395808,395809,395813,395814,395815,395816,395817,395818,395819,395820,395821,395822,395823,395824,395825,395826,395827,395828,395829,395805,395804,395803,395802,395780,395781,395782,395783,395784,395785,395786,395787,395788,395789,395831,395790,395792,395793,395794,395795,395796,395797,395798,395799,395800,395801,395791,515616,524694,524692,396828,396829,396830,396831,396832,396833,396834,396835,396836,396837,534128,534127,534126,534125,534124,534123,534122,534121,534120,534119,534118,396827,534117,396826,396824,396808,396809,396810,396811,515472,515473,515474,515475,515476,396812,396813,396814,396815,396816,396817,396818,396819,396820,396821,396822,396823,396825,396807,534116,534114,534088,534087,534086,534085,534084,534083,534082,534081,534080,534079,534078,534077,534076,534075,534074,534073,534072,534071,534070,534069,534068,534089,534115,534090,534092,534113,396838,396839,396840,396841,396842,396843,396844,396845,396846,396847,534102,534101,534100,534099,534098,534097,534096,534095,534094,534093,534091,396806,396805,396804,698842,698843,698844,698845,698846,698847,698848,698849,396730,396731,396732,396733,396734,396737,396738,396739,396740,396741,396742,396743,396752,698841,396753,698840,698838,527802,698815,698816,698817,698818,698819,698820,698824,698825,698826,698827,698828,698829,698830,698831,698832,698833,698834,698835,698836,698837,698839,396754,396755,396756,396783,396784,396785,396786,396787,396788,396789,396790,396791,396792,396793,396794,396795,396796,396797,396798,396799,396800,396801,396802,396803,396782,396781,396780,396779,396757,396758,396759,396760,396761,396762,396763,396764,396765,396766,534067,396767,396769,396770,396771,396772,396773,396774,396775,396776,396777,396778,396768,534066,534065,534064,515547,515548,515549,515550,515551,515552,515553,515554,515555,515556,515557,515558,515559,515560,515561,515562,515563,515564,515565,515566,515567,515546,515568,515545,515543,515522,515523,515524,515525,515526,515527,515528,515529,515530,515531,515532,515533,515534,515535,515536,515537,515538,515539,515540,515541,515542,515544,515569,515570,515571,515596,515597,515598,515599,515600,515601,515602,515603,515604,515605,515606,515607,515608,515609,515610,515611,515612,515613,515614,527809,527810,515595,515594,515593,515592,515572,515573,515574,515575,515576,515577,515578,515579,515580,515581,515521,515582,515584,515585,515586,515587,534012,527808,515588,515589,515590,515591,515583,527801,515520,515518,534038,534037,534036,534035,534034,534033,534032,534031,534030,534029,534028,534027,534026,534025,534024,534023,534022,534021,534020,534019,515477,534039,515478,534040,534042,534063,534062,534061,534060,534059,534058,534057,534056,534055,534054,534053,534052,534051,534050,534049,534048,534047,534046,534045,534044,534043,534041,515479,515480,515481,515507,515508,515509,515510,515511,515512,515513,515514,534017,534016,534015,527803,527804,527805,527806,527807,534014,534013,515515,515516,515517,515506,515505,515504,515503,515482,515483,515484,515485,515486,515487,515488,515489,515490,515491,515519,534018,515493,515494,515495,515496,515497,515498,515499,515500,515501,515502,515492,524693,527800,527798,514643,514644,514645,514646,514647,514648,514649,514650,514651,514652,514653,514654,400830,400829,400828,400827,514655,514656,514657,514658,527759,514642,527760,514641,514639,514620,514621,514622,514623,514624,514625,514626,400839,400838,514627,514628,514629,514630,514631,514632,514633,514634,514635,514636,514637,514638,514640,514619,514659,514661,409198,409197,409196,409195,409194,409193,409192,409191,409190,409189,409188,409187,409186,409185,409184,409183,409182,409181,409180,409179,409178,409199,514660,409200,527768,514662,514663,514664,514665,514666,514667,514668,514669,514670,514671,527761,527762,514672,409214,409213,409212,527763,527764,527765,527766,527767,527769,514618,514617,514616,514561,514562,514563,514564,514565,514566,514567,514568,514569,514570,514571,514572,514573,514574,514575,514576,514577,514578,514579,514580,514581,514560,514582,514559,514557,524691,524690,524689,524688,514540,514541,514542,514543,514544,514545,514546,514547,514548,514549,514550,514551,514552,514553,514554,514555,514556,514558,514583,514584,514585,514600,514601,514602,514603,514604,514605,514606,514607,514608,514609,514610,514611,400847,400843,400842,400841,400840,514612,514613,514614,514615,514599,514598,514597,514596,524687,524686,400857,400856,400855,400854,400853,400852,400851,400850,409177,400849,514586,514587,514588,514589,514590,514591,514592,514593,514594,514595,400848,409176,409175,409174,409042,409041,409040,409039,409038,409037,409036,409035,409034,409033,409032,409031,409030,409029,409028,409027,409026,409025,409024,409023,409022,409043,409021,409044,409046,409067,409066,409065,409064,409063,409062,409061,409060,409059,409058,409057,409056,409055,409054,409053,409052,409051,409050,409049,409048,409047,409045,409020,409019,409018,402891,402892,402893,402894,402895,402896,402897,402898,402899,402900,402901,402902,527789,527790,527791,527792,527793,527794,527795,527796,527797,402890,402889,402888,527788,409017,409016,409015,409014,527773,527774,527775,527776,527777,527778,409068,527779,402877,402878,527780,527781,527782,527783,527784,527785,527786,527787,402876,527799,409069,409071,409140,409139,409138,409137,409136,409135,409134,527770,527771,527772,409133,409132,409131,409130,409129,409128,409127,409126,409125,409124,409123,409141,409122,409142,409144,409173,409172,409171,409170,409169,409168,409167,409166,409165,409164,409163,409162,409161,409160,409159,409150,409149,409148,409147,409146,409145,409143,409121,409120,409119,409092,409091,409090,409089,409088,409087,409086,409085,409084,409083,409082,409081,409080,409079,409078,409077,409076,409075,409074,409073,409072,403997,409094,409095,409096,409118,409117,409116,409115,409114,409113,409112,409111,409110,409109,409070,409108,409106,409105,409104,409103,409102,409101,409100,409099,409098,409097,409107,407018,407017,407016,529899,529898,529897,529896,529895,529894,529893,529892,529891,529890,529889,529888,529887,529886,529885,529884,529883,529882,529881,529880,529879,528797,529878,528796,528794,529909,529908,529907,529906,529905,529904,529903,529902,529901,529900,528783,528784,528785,528786,528787,528788,528789,528790,528791,528792,528793,528795,529910,529877,529875,529867,529866,529865,529864,529863,529862,529861,529860,706004,528808,528809,529859,529858,529857,529856,529855,528810,528811,528812,528813,528814,529868,529876,529869,529871,528798,528799,528800,528801,528802,528803,528804,528805,528806,528807,706014,706011,706010,706009,706008,706007,706006,706005,529874,529873,529872,529870,529911,529912,529913,404980,404979,404978,404977,404976,404975,404974,404973,404972,404971,404970,404969,404968,404967,404966,404965,404964,404963,404962,404961,404960,404981,404959,404982,404984,405005,405004,405003,405002,405001,405000,404999,404998,404997,404996,404995,404994,404993,404992,404991,404990,404989,404988,404987,404986,404985,404983,404958,404957,404956,529929,404928,404927,404926,404925,404924,529928,529927,529926,529925,529924,529923,529922,529921,529920,529919,529918,529917,529916,529915,529914,529930,529931,529932,529933,404955,404954,404953,404952,404951,404950,404949,404948,404947,404946,528815,404945,404943,404942,404941,404940,404939,529938,529937,529936,529935,529934,404944,528816,528817,528818,521668,521669,521670,521671,521672,521673,521674,521675,521676,521677,521678,521679,521680,521681,521682,521683,521684,521685,521686,521687,521688,521667,521689,521666,521664,521643,521644,521645,521646,521647,521648,521649,521650,521651,521652,521653,521654,521655,521656,521657,521658,521659,521660,521661,521662,521663,521665,521690,521691,521692,528842,528843,528844,528845,528846,528847,528848,528849,528850,528851,521718,521719,521720,521721,521722,528852,528853,528854,528855,528856,528857,521717,521716,521715,521714,521693,521694,521695,521696,521697,521698,521699,521700,521701,521702,521642,521703,528841,521705,521706,521707,521708,521709,521710,521711,521712,521713,521704,405006,521641,521639,529836,529835,529834,529833,529832,529831,529830,529829,529828,529827,529826,529825,529824,529823,529822,529821,529820,529819,529818,529817,529816,529837,529815,529838,529840,528819,528820,528821,528822,528823,528824,528825,529854,529853,529852,529851,529850,529849,529848,529847,529846,529845,529844,529843,529842,529841,529839,529814,529813,529812,521618,521619,521620,521621,521622,521623,521624,521625,521626,521627,521628,521629,521630,521631,521632,521633,521634,521635,521636,521637,521638,521617,521616,521615,521614,529811,529810,529809,529808,528826,528827,528828,528829,528830,528831,521640,528832,528834,528835,528836,528837,528838,528839,528840,521611,521612,521613,528833,521723,405007,405009,530011,530010,530009,530008,530007,530006,530005,530004,530003,530002,530001,530000,529999,529998,529997,529996,529995,529994,529993,529992,529991,530012,529990,530013,530015,523660,523659,530034,530033,530032,530031,530030,530029,530028,530027,530026,530025,530024,530023,530022,530021,530020,530019,530018,530017,530016,530014,523661,529989,529987,529961,529960,529959,529958,529957,529956,529955,529954,529953,529952,529951,520688,520689,520690,520691,520692,520693,520694,520695,520696,520697,529962,529988,529963,529965,529986,529985,529984,529983,529982,529981,529980,529979,529978,529977,529976,529975,529974,529973,529972,529971,529970,529969,529968,529967,529966,529964,703967,703966,703965,520676,520677,520678,520679,520680,520681,520682,520683,520684,520685,520686,520687,398904,398905,398906,398907,398936,398937,398938,398939,398940,520675,398941,520674,520672,398892,520663,520664,520665,520666,520667,520668,398893,398894,398895,398896,398897,398898,398899,398900,398901,398902,398903,520669,520670,520671,520673,398942,398943,398944,523670,523669,523668,523667,523666,523665,523664,523663,523662,703934,703935,703955,703956,703957,703958,703959,703960,703961,703962,703963,703964,523671,523672,523673,523674,398945,398946,398947,398948,398949,398950,398951,398952,398953,398954,520698,398955,398962,398963,398964,398965,398966,398967,398968,398969,523676,523675,398961,520699,520700,520701,529943,529942,529941,529940,529939,405104,405103,405100,405099,405098,405097,405096,405095,405094,405093,405092,405091,405090,405089,405088,405087,529944,405086,529945,529947,520803,520804,520805,520806,520807,520808,520809,520810,520811,520812,520813,520814,520817,520818,520819,520820,405118,405117,529950,529949,529948,529946,405085,405084,405083,405030,405029,405028,405027,405026,405025,405024,405023,405022,405021,405020,405019,405018,405017,405016,405015,405014,405013,405012,405011,405010,405031,405032,405033,405034,405082,405081,405054,405053,405052,405051,405050,405049,405048,405047,520802,405046,405044,405043,405042,405041,405040,405039,405038,405037,405036,405035,405045,405008,520801,520799,520727,520728,520729,520730,520731,520732,520733,520734,520735,520736,520737,520738,520739,520740,520741,520742,520743,520744,520745,520746,520747,520726,520748,520725,520723,520702,520703,520704,520705,520706,520707,520708,520709,520710,520711,520712,520713,520714,520715,520716,520717,520718,520719,520720,520721,520722,520724,520749,520750,520751,520778,520779,520780,520781,520782,520783,520784,520785,520786,520787,520788,520789,520790,520791,520792,520793,520794,520795,520796,520797,520798,520777,520776,520775,520774,520752,520753,520754,520755,520756,520757,520758,520759,520760,520761,520800,520762,520764,520765,520766,520767,520768,520769,520770,520771,520772,520773,520763,398891,521724,521726,522696,522697,528913,528912,528911,528910,403952,522698,522699,522700,522701,522702,522703,403953,403954,403955,522704,522705,522706,522707,522708,528914,522709,528915,528917,522675,522676,522677,522678,522679,522680,522681,522682,522683,522684,522685,522686,522687,522688,522689,522690,522691,522692,522693,522694,522695,528916,522674,403956,403958,522726,522727,522728,522729,522730,522731,522732,522733,522734,522735,522736,522737,522738,528902,522739,522740,522741,522742,522743,522744,522745,522725,403957,522724,522722,403959,403960,528909,528908,528907,528906,528905,528904,528903,522710,522711,522712,522713,522714,522715,522716,522717,522718,522719,522720,522721,522723,522673,522672,528918,403929,403930,403931,403932,403933,403934,403935,403936,403937,403938,403939,528949,528948,528947,528946,528945,528944,403940,403941,403942,403943,403928,403944,403927,528900,403916,403917,403918,403919,403920,403921,403922,403923,403924,403925,528893,528894,528895,528896,528953,528952,528951,528950,528897,528898,528899,403926,403945,403946,403947,528939,528938,528937,528936,528935,528934,528933,528932,528931,528930,528929,528928,528927,528926,528925,528924,528923,528922,528921,528920,528919,528940,528941,528942,528943,403948,403949,403950,403951,522654,522655,522656,522657,522658,522659,522746,522660,522662,522663,522664,522665,522666,522667,522668,522669,522670,522671,522661,522747,522748,522749,404068,404067,404066,522867,522868,522869,404065,404064,404063,404062,404061,404060,404059,404058,404057,404030,404029,404028,404027,404026,404025,404069,404024,404070,522860,522839,522840,522841,522842,522843,522844,522845,522846,522847,522848,522849,522850,522851,522852,522853,522854,522855,522856,522857,522858,522859,522861,404023,404022,404021,403979,403980,403981,403982,403983,403984,403985,403986,403987,403988,403989,403990,403991,403992,403993,403994,403995,404001,404000,403999,403998,403978,403977,403976,403975,404020,404019,404018,404017,404016,404015,404014,404013,404012,404011,522838,404010,404008,404007,404006,404005,404004,404003,404002,403972,403973,403974,404009,403915,522837,403971,522774,522775,522776,522777,522778,522779,522780,522781,522782,522783,522784,522785,522786,522787,522788,522789,522790,522791,522792,522793,522794,522773,522795,522772,522770,522750,522751,528901,522752,522753,522754,522755,522756,522757,522758,522759,522760,522761,522762,522763,522764,522765,522766,522767,522768,522769,522771,522796,522797,522798,522825,522826,522827,522828,522829,522830,522831,522832,522833,522834,522835,403961,403962,403963,403964,403965,403966,403967,403968,403969,403970,522824,522823,522822,522821,522799,522800,522801,522802,522803,522804,522805,522806,522807,522808,522836,522809,522811,522812,522813,522814,522815,522816,522817,522818,522819,522820,522810,521725,403914,403903,521808,521809,521810,521811,399824,399825,399826,399827,399828,399829,399830,399831,399832,399833,399834,399835,399836,399837,399838,399839,399840,521807,399841,521806,521804,521788,521789,521790,521791,521792,399813,399814,399815,399816,399817,521793,521794,521795,521796,521797,521798,521799,521800,521801,521802,521803,521805,521787,399842,399844,521823,521824,521825,521826,521827,521828,399859,399860,399861,399862,399863,399864,399865,399866,399867,521829,521830,521831,521832,521833,521834,521822,399843,521821,521819,399845,399846,399847,399848,399849,399850,399851,399852,399853,399854,521812,521813,521814,399855,399856,399857,399858,521815,521816,521817,521818,521820,521786,521785,521784,528865,528866,528867,528868,528869,528870,528871,528872,528873,528874,528875,528876,528877,528878,528879,528880,528881,521745,521746,521747,521748,528864,521749,528863,528861,521727,521728,521729,521730,521731,521732,521733,521734,521735,521736,521737,521738,521739,521740,521741,521742,521743,521744,528858,528859,528860,528862,521750,521751,521752,521766,521767,521768,521769,521770,399804,399805,399806,521771,521772,521773,521774,521775,521776,521777,521778,521779,521780,521781,521782,521783,521765,521764,521763,521762,521753,521754,521755,521756,521757,521758,521759,521760,704980,704981,521835,704982,704984,704985,704986,704987,704988,704989,704990,704991,399803,521761,704983,521836,521837,399868,522641,522642,522643,522644,522645,522646,522647,522648,522649,522650,522651,522652,522653,529009,529008,529007,529006,529005,529004,529003,529002,522640,529001,522639,522637,399988,399989,399990,399991,399992,399993,399994,528891,528892,529011,529010,404080,404079,404076,404075,404074,404073,404072,404071,522635,522636,522638,529000,528999,528998,528971,528970,528969,528968,528967,528966,528965,528964,528963,528962,528961,528960,528959,528958,528957,528956,528955,528954,403900,403901,403902,528972,528973,528974,528975,528997,528996,528995,528994,528993,528992,528991,528990,528989,528988,399987,528987,528985,528984,528983,528982,528981,528980,528979,528978,528977,528976,528986,403913,399986,404092,399891,399892,399893,399894,399895,399896,399897,399898,399899,399900,399901,399902,399903,399904,399905,528882,528883,528884,528885,528886,528887,399890,528888,399889,399887,399869,399870,521842,521843,521844,399871,399872,399873,399874,399875,399876,399877,399878,399879,399880,399881,399882,399883,399884,399885,399886,399888,528889,528890,399906,399961,399962,399963,399964,399965,399966,399967,399968,399969,399970,399971,399972,399973,399974,399975,399976,399977,399978,399979,404094,404093,399960,399931,399930,399929,399907,399908,399909,399910,399911,399912,399913,399914,399915,399916,399985,399917,399919,399920,399921,399922,399923,399924,399925,399926,399927,399928,399918,398890,398889,398888,518763,518764,518765,523789,523788,523787,523786,523785,523784,523783,523782,523781,523780,523779,523778,523777,523776,523775,523774,531994,531993,518762,701886,518761,518759,518738,518739,518740,518741,518742,518743,518744,518745,518746,518747,518748,518749,518750,518751,518752,518753,518754,518755,518756,518757,518758,518760,518737,701887,701902,531984,531983,531982,531981,531980,531979,531978,531977,531976,531975,531974,531973,531972,531971,531970,531969,531968,531967,531966,531965,531964,531985,701888,531986,531988,701903,701904,701905,701906,701907,701908,701909,701910,701911,701912,701913,701914,701915,701916,701917,701918,701919,531992,531991,531990,531989,531987,518736,518735,518734,518667,518668,518669,518670,518671,518672,518673,518674,518675,518676,518677,518678,518679,518680,518681,518682,518683,518684,518685,518686,518687,518666,518688,518665,518663,518654,518655,518656,518657,523805,523804,523803,523802,523801,523800,523799,523798,523797,523796,523795,523794,518658,518659,518660,518661,518662,518664,518689,523793,523792,518713,518714,518715,518716,518717,518718,518719,518720,518721,518722,518723,518724,518725,518726,518727,518728,518729,518730,518731,518732,518733,518712,518711,518710,518709,523791,523790,527988,518690,518691,518692,518693,518694,518695,518696,531963,518697,518699,518700,518701,518702,518703,518704,518705,518706,518707,518708,518698,531962,531961,531960,523757,523756,523755,523754,523753,523752,523751,523750,523749,523748,523747,523746,523745,523744,523743,523742,523741,523740,523739,523738,523737,523758,523736,523759,523761,531875,531874,531873,531872,531871,531870,531869,531868,531867,531866,531865,531864,531863,531862,531861,531860,531859,531858,531857,531856,523762,523760,523735,523734,523733,523706,523705,523704,523703,523702,523701,406143,406142,406141,406128,406127,406124,406123,406122,406121,406120,406119,406118,406117,406116,406115,523707,523708,523709,523710,523732,523731,523730,523729,523728,523727,523726,523725,523724,523723,531876,523722,523720,523719,523718,523717,523716,523715,523714,523713,523712,523711,523721,518653,531877,531879,531934,531933,531932,523773,523772,523771,518766,518767,523770,531931,531930,531929,531928,531927,531926,531925,531924,531923,531922,531921,531920,531935,531919,531936,531938,531959,531958,531957,531956,531955,531954,531953,531952,531951,531950,531949,531948,531947,531946,531945,531944,531943,531942,531941,531940,531939,531937,518768,518769,518770,531893,531892,523769,523768,523767,523766,523765,531891,531890,531889,531888,523764,523763,531887,531886,531885,531884,531883,531882,531881,531880,531894,531895,531896,531897,518771,531918,531917,531916,531915,531914,531913,531912,531911,531910,531878,531909,531907,531906,531905,531904,531903,531902,531901,531900,531899,531898,531908,406114,518652,518650,397864,397865,397866,397867,523826,523825,523824,523823,523822,523821,523820,523819,523818,523817,523816,523815,523814,523813,397868,397869,397870,397863,397871,397862,397860,397839,397840,397841,397842,397843,397844,397845,397846,397847,397848,397849,397850,397851,397852,397853,397854,397855,397856,397857,397858,397859,397861,397838,397872,397874,397928,397929,397930,397931,397937,397938,397939,397940,397941,397942,397943,523812,527979,527980,527981,527982,532081,532080,532079,532078,532077,397927,397873,397926,397924,397875,397876,397877,397878,397879,397880,397881,397882,397883,397912,397913,397914,397915,397916,397917,397918,397919,397920,397921,397922,397923,397925,397837,397836,397835,523857,523856,523855,523854,523853,523852,523851,523850,523849,523848,523847,523846,523845,523844,523843,523842,523841,523840,523839,523838,523837,523858,523836,523859,523861,407015,407014,407013,407012,407011,407010,407009,407008,407007,407006,407005,407004,407003,407002,407001,407000,523866,523865,523864,523863,523862,523860,523835,523834,523833,406973,406972,397816,397817,397818,397819,397820,397821,397822,397823,397824,397825,397826,397827,397828,397829,397830,397831,397832,397833,397834,406974,406975,406976,406977,523832,523831,523830,523829,523828,523827,406999,406998,406997,406996,532076,406995,406993,406992,406991,406990,406989,406988,397812,397813,397814,397815,406994,532075,532074,532073,532005,532004,532003,532002,532001,532000,531999,531998,531997,531996,531995,527983,527984,527986,527987,523811,523810,523809,523808,523807,523806,532006,518599,532007,532009,518595,518596,518597,518598,532026,532025,532024,532023,532022,532021,532020,532019,532018,532017,532016,532015,532014,532013,532012,532011,532010,532008,518600,518601,518602,518629,518630,518631,518632,518633,518634,518635,518636,518637,518638,518639,518640,518641,518642,518643,518644,518645,518646,518647,518648,518649,518628,518627,518626,518625,518603,518604,518605,518606,518607,518608,518609,518610,518611,518612,518594,518613,518615,518616,518617,518618,518619,518620,518621,518622,518623,518624,518614,518651,518593,518591,532047,532046,532045,532044,532043,532042,532041,518540,518541,518542,518543,518544,518545,518546,518547,518548,518549,518550,518551,518552,518553,532048,532040,532049,532051,532072,532071,532070,532069,532068,532067,532066,532065,532064,532063,532062,532061,532060,532059,532058,532057,532056,532055,532054,532053,532052,532050,532039,518554,518555,518570,518571,518572,518573,518574,518575,518576,518577,518578,518579,518580,518581,518582,518583,518584,518585,518586,518587,518588,518589,518590,518569,518568,518567,518566,518556,518557,518558,518559,518560,518561,518562,518563,532038,532037,518592,532036,532034,532033,532032,532031,532030,532029,532028,532027,518564,518565,532035,406113,406112,406111,530930,530929,530928,530927,530926,530925,530924,530923,530922,530921,530920,530919,530918,530917,530916,530915,530914,530913,530912,530911,530910,530931,530909,530932,523687,530941,530940,530939,530938,530937,530936,530935,530934,523700,523699,523698,523697,523696,523695,523694,523693,523692,523691,523690,523689,523688,530933,530942,530908,530906,530880,530879,530878,530877,530876,530875,530874,530873,530872,530871,530870,530869,530868,530867,530866,530865,530864,530863,530862,530861,530860,530881,530907,530882,530884,530905,530904,530903,530902,530901,530900,530899,530898,530897,530896,530895,530894,530893,530892,530891,530890,530889,530888,530887,530886,530885,530883,530943,530944,530945,530999,530998,530997,530996,530995,530994,530993,530992,702909,702910,702911,702912,702930,702931,702932,702933,702934,702935,702936,702937,702938,531000,702939,531001,531003,531024,531023,531022,531021,531020,531019,531018,531017,531016,531015,531014,531013,531012,531011,531010,531009,531008,531007,531006,531005,531004,531002,702940,702941,702942,530966,530965,530964,530963,530962,530961,530960,530959,530958,530957,530956,530955,530954,530953,530952,530951,530950,530949,530948,530947,530946,530967,530968,530969,530970,702943,530991,530990,530989,530988,530987,530986,530985,530984,530983,530859,530982,530980,530979,530978,530977,530976,530975,530974,530973,530972,530971,530981,530858,530857,530856,520613,520614,398866,398867,398868,520615,520616,398869,398870,398871,398872,398873,398874,398875,398876,398877,520617,520618,520619,520620,520621,520612,520622,520611,520609,520588,520589,520590,520591,520592,520593,520594,520595,520596,520597,520598,520599,520600,520601,520602,520603,520604,520605,520606,520607,520608,520610,520623,520624,520625,520652,520653,520654,520655,520656,520657,520658,520659,520660,520661,520662,398878,398879,398880,398881,398882,398883,398884,398885,398886,398887,520651,520650,520649,520648,520626,520627,520628,520629,520630,520631,520632,520633,520634,520635,520587,520636,520638,520639,520640,520641,520642,520643,520644,520645,520646,520647,520637,531025,398865,398863,398801,398802,398803,398804,398805,398806,398807,398808,398809,398810,398811,398812,398813,398814,398815,398816,398817,398818,398819,398820,398821,398800,398822,530832,530834,530855,530854,530853,530852,530851,530850,530849,530848,530847,530846,530845,530844,530843,530842,530841,530840,530839,530838,530837,530836,530835,530833,398823,398824,398825,523683,523682,523681,523680,523679,523678,398849,398850,398851,398852,398853,398854,398855,523677,398856,398857,398858,398859,398860,398861,398862,523684,523685,523686,398848,398826,398827,398828,398829,398830,398831,398832,398833,398834,398835,398864,398836,398838,398839,398840,398841,398842,398843,398844,398845,398846,398847,398837,531026,531027,531028,519650,519651,519652,519653,519654,519655,519656,519657,519658,519659,519660,519661,519662,519663,519664,519665,519666,519667,519668,519669,519670,519649,519671,519648,519646,519625,519626,519627,519628,519629,519630,519631,519632,519633,519634,519635,519636,519637,519638,519639,519640,519641,519642,519643,519644,519645,519647,519672,519673,519674,519701,519702,519703,519704,519705,519706,519707,519708,519709,519710,519711,519712,519713,519714,519715,519716,519717,519718,519719,519720,519721,519700,519699,519698,519697,519675,519676,519677,519678,519679,519680,519681,519682,519683,519684,519624,519685,519687,519688,519689,519690,519691,519692,519693,519694,519695,519696,519686,519722,519623,519621,406059,406058,406057,406056,406055,406054,406053,406052,406051,406050,406049,406048,406047,406046,519563,519564,519565,519566,519567,519568,519569,406060,519570,406061,406063,406110,406109,406108,406107,406106,406105,406078,406077,406076,406075,406074,406073,406072,406071,406070,406069,406068,406067,406066,406065,406064,406062,519571,519572,519573,519600,519601,519602,519603,519604,519605,519606,519607,519608,519609,519610,519611,519612,519613,519614,519615,519616,519617,519618,519619,519620,519599,519598,519597,519596,519574,519575,519576,519577,519578,519579,519580,519581,519582,519583,519622,519584,519586,519587,519588,519589,519590,519591,519592,519593,519594,519595,519585,395744,519723,519725,405997,405996,405995,405994,405993,405992,405991,405990,405989,405988,405987,405986,405985,405984,405983,405982,405981,405980,405979,405978,405977,405998,405976,405999,406001,406022,406021,406020,406019,406018,406017,406016,406015,406014,406013,406012,406011,406010,406009,406008,406007,406006,406005,406004,406003,406002,406000,405975,405974,405973,405965,405964,531041,531040,531039,531038,405953,405952,405951,405950,405949,405948,531037,531036,531035,531034,531033,531032,531031,531030,531029,531042,531043,531044,531045,398790,398791,398792,531057,531056,531055,531054,531053,405972,405971,406023,405970,405968,405967,405966,531052,531051,531050,531049,531048,531047,531046,405969,519724,406024,406026,519744,519745,519746,519747,519748,519749,519750,519751,519752,519753,519754,519755,519756,519757,519758,519759,519760,519761,519762,519763,519764,519743,519765,519742,519740,519726,519727,519728,519729,398778,398779,398780,398781,398782,398788,398789,519730,519731,519732,519733,519734,519735,519736,519737,519738,519739,519741,519766,519767,519768,519795,519796,406045,406044,406043,406042,406041,406040,406039,406038,406037,406036,406035,406034,406033,406032,406031,406030,406029,406028,406027,519794,519793,519792,519791,519769,519770,519771,519772,519773,519774,519775,519776,519777,519778,406025,519779,519781,519782,519783,519784,519785,519786,519787,519788,519789,519790,519780,395743,403996,395741,525815,525814,694739,694740,694741,694742,694743,694744,694745,694748,525813,525812,525811,525810,525809,694749,694750,525816,525817,525818,525819,694727,694728,694729,694730,694731,395742,694732,694733,694751,694734,694736,694737,694738,525824,525823,525822,525821,525820,694735,694726,694752,694754,525793,525792,525791,525790,525789,525788,525787,525786,525785,525784,525783,525782,525781,525780,525779,525778,692702,525794,525795,525796,525797,694755,393659,692707,692706,692705,692704,692703,525808,694753,525807,525805,525804,525803,525802,525801,525800,525799,525798,525806,525777,538001,538003,538016,525832,525831,525830,525829,525828,525827,538015,538014,525826,525825,539218,539219,538013,538012,538011,539220,538017,538018,525833,525834,694724,694725,538023,525840,525839,525838,525837,525836,393693,538022,525835,538020,538019,539213,539214,539215,539216,539217,538021,538002,393692,393690,539243,539244,393679,393670,393669,393668,393667,393666,393665,393664,393663,393662,393661,393660,538006,538005,538004,539242,539241,539240,539239,538010,538009,538008,538007,393689,393688,393687,393686,393691,393685,393683,393682,393681,393680,539235,539236,539237,539238,393684,538024,692701,692697,394741,394742,394743,394744,394745,394746,394747,394748,394749,394750,394751,394752,394753,394754,394755,394756,394757,394740,394739,394738,394737,394719,394720,394721,394722,394723,394724,394725,394726,394758,394727,394729,394730,394731,394732,394733,394734,394735,394736,394728,394718,394759,394761,507317,507316,510375,510376,510377,510378,510379,507315,507314,394765,507313,507312,394766,507311,507310,507309,507308,507318,507319,510374,510373,394762,394763,394764,510358,510359,510360,510361,510362,394760,510363,510365,510366,510367,510368,510369,510370,510371,510372,510364,692698,394717,394715,692679,692678,526851,526852,526853,526854,526855,526856,526857,526858,526859,526860,526861,526862,526863,526864,526850,692680,692681,692682,692683,692696,692695,692694,692693,692692,692691,692690,692689,526849,525776,525774,525773,525772,692688,692687,692686,692685,692684,525775,394716,526848,526866,394690,394691,394692,394693,394694,394695,394704,394705,394706,394707,394708,394709,394710,394711,394712,394713,394714,394689,394688,394687,394686,526867,526868,526869,526870,526871,526872,526873,526874,526865,526847,525771,525770,525769,525768,525767,394683,394684,394685,526846,507307,538025,525842,412205,412204,412203,412202,412201,412200,412199,412198,412197,412196,412195,412194,412193,412192,412191,412190,412189,412206,412207,412208,412209,412231,412230,412229,412228,412223,412222,412221,412220,412188,412219,412217,412216,412215,412214,412213,412212,412211,412210,412218,412232,412187,412185,412162,412161,412160,412159,412158,412157,412156,412155,412154,412153,412152,412151,412150,412149,412148,412147,412146,412163,412164,412165,412166,412184,412183,412182,412181,412180,412179,412178,412177,412186,412176,412174,412173,412172,412171,412170,412169,412168,412167,412175,412145,412233,412235,525864,412284,412283,412282,412281,412280,538098,538097,538096,412272,412271,412270,412269,412268,412267,412266,525863,525865,525866,525867,525868,509521,509522,509523,509524,509525,509526,509527,509528,525862,509529,509531,509535,509536,509537,509538,509539,509540,525869,509530,412234,538095,538093,412252,412251,412250,412249,412248,412247,412246,412245,412244,412243,412242,412241,412240,412239,412238,412237,412236,507347,507348,507349,507350,538092,412265,412264,412263,412262,412261,412260,412259,538094,412258,412256,412255,412254,412253,507354,507353,507352,507351,412257,525841,412144,412142,538057,538056,538055,538054,538053,538052,538051,538050,538049,538048,525861,525860,525859,525858,525857,525856,525855,538058,538059,538060,538061,538079,538078,538077,538076,538075,538074,538073,538072,525854,538071,538069,538068,538067,538066,538065,538064,538063,538062,538070,538080,525853,538047,538029,538028,538027,507328,507327,507326,507325,507324,507323,507322,507321,507320,538026,525846,525845,525844,525843,538030,538031,538032,538033,538046,538045,538044,538043,538042,538041,538040,538039,525852,538038,538036,538035,525851,525850,525849,525848,525847,538034,538037,412143,538081,538083,507333,507332,507331,507330,507329,412132,412131,412130,412129,412128,412127,412126,412125,412124,412123,412122,412121,507334,507335,507336,507337,412141,412140,412139,412138,412137,412136,412135,412134,412120,412133,507345,507344,507343,507342,507341,507340,507339,507338,507346,538082,412119,412117,412094,412093,412092,412091,412090,412089,412088,412087,412086,538091,538090,538089,538088,538087,538086,538085,538084,412095,412096,412097,412098,412116,412115,412114,412113,412112,412111,412110,412109,412118,412108,412106,412105,412104,412103,412102,412101,412100,412099,412107,509520,507306,507304,537121,526880,526881,537120,537119,537118,537117,537116,537115,537114,537113,537112,537111,537110,537109,537108,537107,537122,537123,537124,537125,537140,537139,537138,526877,526878,526879,537137,537136,537106,537135,537133,537132,537131,537130,537129,537128,537127,537126,537134,537141,537105,537103,526820,526819,526818,526817,526816,537088,537087,537086,537085,537084,411249,411248,411247,411246,411245,537083,537082,526821,526822,526823,537089,411261,411260,411259,411258,411257,537102,537101,537100,537104,537099,537097,537096,537095,537094,537093,537092,537091,537090,537098,537081,537142,537144,394865,394866,394867,394868,394869,394870,537198,537197,537196,537195,537194,537193,537192,537191,537190,537189,537188,394864,525720,525721,525722,525740,525739,525738,525737,525736,525735,525734,525733,537187,525732,525730,525729,525728,525727,525726,525725,525724,525723,525731,537143,537186,537170,526826,526825,526824,525719,525718,525717,525716,525715,525714,525713,525712,525711,526875,526876,537147,537146,537145,537148,537149,537150,537151,537169,537168,537167,537166,537165,537164,537163,537162,537171,537161,537159,537158,537157,537156,537155,537154,537153,537152,537160,525741,537080,537078,411177,411176,411175,411174,411173,411172,411171,411170,411169,411168,411167,411166,411165,411164,411163,411162,411161,411178,411179,411180,411181,411199,411198,411197,411196,411195,411194,411193,411192,411160,411191,411189,411188,411187,411186,411185,411184,411183,411182,411190,411205,411159,411157,411134,411133,411132,411131,411130,411129,411128,411127,411126,411125,411124,411123,411122,411121,511381,511382,511383,411135,411136,411137,411138,411156,411155,411154,411153,411152,411151,411150,411149,411158,411148,411146,411145,411144,411143,411142,411141,411140,411139,411147,537079,537033,537035,411236,411235,411234,411233,411232,411231,411230,411229,411228,411227,411226,411225,537063,537062,537061,537060,537059,411237,411238,411239,537064,537077,537076,411244,411243,411242,411241,411240,537075,537058,537074,537072,537071,537070,537069,537068,537067,537066,537065,537073,537034,537057,537055,411216,411215,411214,537040,537039,411213,411212,411211,411210,411209,411208,411207,411206,526815,537038,537037,537036,411217,411218,411219,411220,537054,537053,537052,537051,537050,537049,537048,537047,537056,537046,537044,537043,537042,537041,411224,411223,411222,411221,537045,507305,525742,525744,510414,510415,510416,510417,510418,510419,510420,510421,394818,394819,394820,394821,394838,394839,394840,394841,394842,510413,510412,510411,510410,510398,510399,510400,510401,510402,510403,510405,510406,394843,510407,394811,394812,394813,394814,394815,394816,394817,510409,510408,510397,394844,394846,510431,510432,510433,510434,510435,510436,510437,510438,510439,510440,510441,510442,510443,510444,510445,510446,510447,510430,510429,510428,510427,394847,394848,394849,394850,394851,394852,695747,695748,394845,695749,695751,695752,695753,510422,510423,510424,510425,510426,695750,510448,510396,510394,394780,394781,394782,394783,394784,394790,394791,394792,394793,394794,394795,394796,394797,394798,394799,394800,394801,394779,394778,394777,394776,507303,394767,394768,394769,507302,507301,507300,507299,394802,507298,507296,507295,394770,394771,394772,394773,394774,394775,507297,510395,394803,394805,526841,526840,526839,526838,526837,526836,526835,526834,692677,692676,510389,510390,526833,526832,510391,510392,510393,526842,526843,526844,526845,394806,394807,394808,394809,394810,510380,510381,510382,394804,510383,510385,510386,510387,510388,507294,507293,507292,507291,510384,525743,695754,695756,510529,510530,510531,510532,510533,510534,510535,510536,510537,510538,510539,510540,510541,510542,510543,510544,510545,526827,526828,526829,526830,510512,510513,510514,510515,510516,510517,510518,510519,510546,510520,510522,510523,510524,510525,510526,510527,510528,526831,510521,510511,510547,510549,695774,695775,695776,695777,695778,394853,394854,394855,394856,394857,394858,525750,525749,525748,525747,525746,525745,695773,695772,695768,695767,510550,510551,510552,510553,510554,510555,510556,510557,510548,510558,510560,510561,510562,510563,510564,695764,695765,695766,510559,695755,510510,510508,510464,510465,525766,525765,525764,525763,525762,525761,525760,525759,525758,525757,525756,525755,525754,525753,525752,510463,510462,510461,510460,695757,695758,695759,695760,695761,695762,695763,510449,510466,510450,510452,510453,510454,510455,510456,510457,510458,510459,510451,510509,525751,510468,510491,510492,510493,510494,510495,510496,510497,510498,510499,510500,510501,510502,510503,510504,510505,510506,510507,510490,510489,510488,510487,510469,510470,510471,510472,510473,510474,510475,510476,510467,510477,510479,510480,510481,510482,510483,510484,510485,510486,510478,511384,509519,509517,413270,413271,413272,413273,413274,413275,413276,413277,413278,413279,413280,508414,508415,508416,508417,508418,508419,508413,508412,508411,508410,508392,508393,508394,508395,508396,508397,508398,508399,508420,508400,508402,508403,508404,508405,508406,508407,508408,508409,508401,508391,508421,508423,508446,508447,508448,508449,508450,508451,508452,508453,508454,508455,508456,508457,508458,508459,508460,508461,508462,508445,508444,508443,508442,508424,508425,508426,508427,508428,508429,508430,508431,508422,508432,508434,508435,508436,508437,508438,508439,508440,508441,508433,508463,508390,508388,508361,508362,508363,508364,413237,413238,413239,413240,413241,413242,413243,413244,413245,413246,413247,413248,413249,508360,508359,508358,508357,508339,508340,508341,508342,508343,508344,508345,508346,413250,508347,508349,508350,508351,508352,508353,508354,508355,508356,508348,508389,413251,413253,413267,413268,413269,508374,508375,508376,508377,508378,508379,508380,508381,508382,508383,508384,508385,508386,508387,413266,413265,413264,413263,413254,413255,413256,413257,413258,413259,413260,413261,413252,508365,508367,508368,508369,508370,508371,508372,508373,413262,508366,508338,508464,508466,539155,539156,539157,539158,539159,393727,393728,393729,393730,539160,539161,539162,539163,539164,393731,393732,393733,393726,393725,393724,539154,393717,393718,393719,393720,393721,393722,393723,539145,393734,539146,539148,539149,539150,413295,413296,539151,539152,539153,539147,393716,393735,393737,393745,393746,393747,393748,393749,393750,393751,393752,393753,393754,393755,393756,393757,539180,539181,539182,539183,393744,539179,539178,539177,393738,393739,393740,539165,539166,539167,393741,393742,393736,393743,539169,539170,539171,539172,539173,539174,539175,539176,539168,508465,393715,393713,508489,508490,508491,508492,508493,508494,508495,508496,413281,413282,508497,413283,413284,413285,413286,413287,413288,508488,508487,508486,508485,508467,508468,508469,508470,508471,508472,508473,508474,508498,508475,508477,508478,508479,508480,508481,508482,508483,508484,508476,393714,508499,508501,508515,508516,693728,693729,693730,693731,393702,393703,393704,393705,393706,393707,393708,393709,393710,393711,393712,508514,508513,539144,539143,508502,508503,508504,508505,508506,693720,413289,413290,508500,539142,693724,693725,693726,693727,413291,413292,413293,413294,693721,539184,508337,508335,413162,413163,413164,413165,413166,413167,413168,413169,413170,413171,539123,539124,539125,539065,539064,539126,539063,413161,539066,539067,539068,539086,539085,539084,539083,539082,539081,539080,539079,539062,539078,539076,539075,539074,539073,539072,539071,539070,539069,539077,539087,539061,539128,413187,413188,413189,413190,413191,413192,413193,413194,413195,413196,413197,413198,413199,413200,413201,413202,413203,413186,401854,401853,413185,539129,539130,539131,413172,413173,413174,413175,413176,539127,413177,413179,413180,413181,413182,401851,401852,413183,413184,413178,413204,539088,539090,413149,413148,413147,413146,413145,413144,539119,539120,413143,413142,413141,539121,539122,413160,539106,539105,539104,413150,413151,539118,539117,539110,539109,539108,539107,413155,413156,413157,413154,539103,413153,413158,539111,539112,539113,539114,413159,539115,539116,413152,539089,413140,413138,413115,539102,539101,539100,539099,539098,413114,413113,413112,539097,539096,539095,539094,539093,413111,539092,539091,413116,413117,413118,413119,413137,413136,413135,413134,413133,413132,413131,413130,413139,413129,413127,413126,413125,413124,413123,413122,413121,413120,413128,508336,413205,413207,539034,539033,539032,539031,539030,539029,539028,539027,539026,693700,693701,693702,693703,693704,693705,693706,693707,539035,539036,539037,539038,539056,539055,539054,539053,539052,539051,539050,539049,693708,539048,539046,539045,539044,539043,539042,539041,539040,539039,539047,401905,393694,393696,508325,508326,508327,508328,508329,508330,693713,693714,693715,693716,693717,693718,693719,508331,508332,508333,508334,508324,508323,508322,508321,393697,393698,393699,393700,393701,693709,693710,693711,393695,693712,508313,508314,508315,508316,508317,508318,508319,508320,508312,413206,413236,413234,413221,413222,413223,413224,413225,413226,539132,539133,539134,539135,539136,539137,539138,539139,539140,539141,413227,413220,413219,413218,413217,401863,401864,401865,401866,401867,401868,401869,401870,413228,401871,413209,413210,413211,413212,413213,413214,413215,413216,413208,413235,413229,401873,401896,401897,401898,401899,401900,401901,401902,401903,401904,539060,539059,539058,539057,413230,413231,413232,413233,401895,401894,401893,401892,401874,401875,401876,401877,401878,401879,401880,401881,401872,401882,401884,401885,401886,401887,401888,401889,401890,401891,401883,509518,539185,539187,538129,538128,538127,538126,538125,538124,538123,538122,538121,538120,538119,538118,538117,538116,538115,538114,538113,538130,538131,538132,538133,538151,538150,538149,538148,538147,538146,538145,538144,538112,538143,538141,538140,538139,538138,538137,538136,538135,538134,538142,507398,538111,538109,525874,525873,525872,525871,525870,509376,509377,509378,509379,509380,509381,509382,509383,509384,509385,509386,509387,525875,525876,525877,525878,538108,538107,538106,538105,538104,538103,538102,538101,538110,538100,525886,525885,525884,525883,525882,525881,525880,525879,538099,509388,507399,538153,538219,507408,507407,538218,538217,538216,538215,538214,538213,538212,538211,538195,538194,538193,538192,538191,538190,538220,538221,525887,525888,525900,525899,525898,525897,507414,507413,507412,507411,507406,507410,525896,525895,525894,525893,525892,525891,525890,525889,507409,538152,507405,507403,538170,538169,538168,538167,538166,538165,538164,538163,538162,538161,538160,538159,538158,538157,538156,538155,538154,538171,538172,538173,538174,507402,507401,507400,538189,538188,538187,538186,538185,507404,538184,538182,538181,538180,538179,538178,538177,538176,538175,538183,525901,509389,509391,509493,509494,509495,509496,509497,509498,509499,509500,509501,509502,509503,509504,509505,509506,509507,509508,509509,509492,509491,509490,509489,509478,509479,509480,509481,509482,509483,509484,509485,509510,509486,507397,507396,507395,507394,507393,507392,507391,509488,509487,509477,509511,507390,507367,507366,507365,507364,507363,507362,507361,507360,507359,507358,507357,507356,507355,509513,509514,509515,509516,507368,507369,507370,507371,507389,507388,507387,507386,507385,507384,507383,507382,509512,507381,507379,507378,507377,507376,507375,507374,507373,507372,507380,509390,509476,509474,509414,509415,509416,509417,509418,509419,509420,509421,509422,509423,509424,509425,509426,509427,509428,509429,509430,509413,509412,509411,509410,509392,509393,509394,509395,509396,509397,509398,509399,509431,509400,509402,509403,509404,509405,509406,509407,509408,509409,509401,509475,509432,509434,509457,509458,509459,509460,509461,509462,509463,509464,509465,509466,509467,509468,509469,509470,509471,509472,509473,509456,509455,509454,509453,509435,509436,509437,509438,509439,509440,509441,509442,509433,509443,509445,509446,509447,509448,509449,509450,509451,509452,509444,539186,525902,525904,401955,401956,401957,401958,393819,393820,393821,393822,393823,393824,393825,393826,393827,393828,393829,393830,393831,401954,401953,401952,401951,393795,393796,393797,393798,393814,393815,393816,393817,393832,393818,401943,401944,401945,401946,401947,401948,401949,401950,401942,393794,393833,393839,507492,507491,507490,507481,507480,507479,507478,507477,507476,507475,507474,507473,507472,507471,401966,401967,401968,507493,539212,539211,539210,393840,393841,393842,393843,393844,393845,393846,393847,393838,401959,401961,401962,401963,401964,401965,539207,539208,539209,401960,401969,393793,393791,393776,393777,393778,393779,393780,393781,393782,393783,393784,393785,393786,393787,401913,539195,539196,539197,539198,393775,393774,393773,393772,539188,539189,539190,539191,539192,539193,393758,393759,539199,393760,401906,401907,401908,401909,401910,401911,401912,393771,539194,393792,539200,413303,401931,401932,401933,401934,401935,401936,401937,539204,393788,393789,539205,539206,393790,401938,401939,401940,401941,401930,401929,401928,401927,413304,413305,413306,539202,539203,401914,401915,401916,539201,401917,401919,401920,401921,401922,401923,401924,401925,401926,401918,525903,401970,401972,509339,509340,509341,509342,509343,509344,509345,509346,509347,509348,509349,509350,509351,509352,507421,507420,507419,509338,507422,507423,507424,507442,507441,507440,507439,507438,507437,507436,507435,509353,507434,507432,507431,507430,507429,507428,507427,507426,507425,507433,507443,509354,509356,525917,525916,525915,525914,507418,507417,507416,507415,525913,525912,525911,525910,525909,525908,525907,525906,525905,525918,525919,525920,509375,509357,509358,509359,509360,509361,509362,509363,509364,509355,509365,509367,509368,509369,509370,509371,509372,509373,509374,509366,401971,507444,507446,402021,402022,402023,402024,402025,402026,402027,402032,402033,402034,402035,402036,402037,507468,507467,507466,507465,402020,507469,507470,402019,401973,401974,401975,401976,401977,401978,401979,401980,507464,402009,402011,402012,402013,402014,402015,402016,402017,402018,402010,507445,507463,507461,507455,507454,507453,507452,507451,507450,507449,525928,525927,525926,525925,525924,525923,509336,509337,507448,507447,525929,525930,525931,525932,507460,402038,402039,402040,402041,507459,507458,402042,507462,402043,525941,525940,525939,525938,507457,507456,525934,525933,402044,511385,510404,511387,400988,400987,400986,400985,400955,400954,400989,400953,400951,400950,540131,540132,540133,536078,400952,512458,400990,400991,524847,524846,524845,524844,524843,524842,524840,524841,400997,400996,400995,400994,400993,400992,400998,512459,512460,512461,512473,512474,512475,512476,512477,512478,512472,512479,512481,512482,512483,512484,512485,512486,512480,512471,512470,512469,512462,536077,536076,536075,536074,536073,536072,536071,536070,512463,512464,512465,512466,512467,512468,512457,512487,512456,512454,512437,512438,512439,512440,512441,512442,512436,512443,512445,512446,512447,512448,512449,512450,512444,512451,512435,512433,512419,512420,512421,512422,512423,512424,512434,512425,512427,512428,512429,512430,512431,512432,512426,540130,536098,536097,414136,414137,414138,414139,414140,414141,414135,414142,414144,414145,414146,414147,512452,512453,414143,536079,536080,536081,536096,536095,536094,536093,536092,536091,536090,536089,536088,536087,536086,536085,536084,536083,536082,512455,536069,536068,536067,540135,536063,536062,536061,400949,400948,536064,524839,524837,524836,524835,524834,524833,524832,524838,524831,536065,512575,512561,512562,512563,512564,512565,512566,536066,512567,512569,512570,512571,512572,512573,512574,512568,524830,524829,400947,536052,536051,536050,536049,536048,536047,536053,536046,536044,536043,536042,536041,536040,536039,536045,536054,536055,540138,400946,526765,526764,536060,536059,536058,536057,526763,526762,526761,526760,526759,540136,540137,536056,512560,512559,512558,512557,512506,512507,512508,512509,512510,512511,512505,512512,512514,512515,512516,512517,512518,512519,512513,512504,512503,512502,540134,512488,512489,512490,512491,512492,512493,512494,512495,512496,512497,512498,512499,512500,512501,512520,512418,512521,512523,512543,512544,512545,512546,512547,512548,512542,512549,512551,512552,512553,512554,512555,512556,512550,512541,512540,512539,512524,512525,512526,512527,512528,512529,512530,512531,512532,512533,512534,512535,512536,512537,512538,512522,512417,512416,512415,540119,540120,540121,540122,540123,540124,540118,524909,540126,540127,540128,540129,526767,524908,540125,524907,540117,540115,524914,524910,540103,540104,540105,540106,540116,540107,540109,540110,540111,540112,540113,540114,540108,524906,524905,524904,524885,524884,524883,524882,524881,524880,524886,524879,524877,524876,524875,524874,524873,524872,524878,524887,524888,524889,524903,524902,524901,524900,524899,524898,526766,524897,524896,524895,524894,524893,524892,524891,524890,540102,540101,540100,540099,526953,540061,540062,540063,526954,526955,526952,526956,526958,526959,526962,526963,526964,524917,526957,526951,526950,526949,526772,526771,526770,526769,526768,540051,540052,540053,540054,540055,540056,540057,540058,540059,540060,524916,524871,524915,540065,540085,540086,540087,540088,540089,540090,540084,540091,540093,540094,540095,540096,540097,540098,540092,540083,540082,540081,540066,540067,540068,540069,540070,540071,540072,540073,540074,540075,540076,540077,540078,540079,540080,540064,536038,524870,524868,401018,401017,401016,401015,401014,401013,401019,401012,401010,401009,401008,401003,401002,536119,401011,536118,536120,536122,696789,696790,696791,696792,696793,696796,536121,696797,696799,696800,696801,696802,536124,536123,696798,536117,536116,511386,536101,536100,536099,512404,512405,512406,536102,512407,512409,512410,512411,512412,512413,512414,512408,536103,536104,536105,536114,536113,536112,536111,536110,536109,536108,401001,401000,400999,524850,524849,524848,536107,536106,696788,696787,696786,696785,536172,536171,536170,536169,536168,536167,536173,536166,536164,536163,536162,536147,536146,536145,536165,536174,524851,524852,524867,524866,524865,524864,524863,524862,524861,524860,524859,524858,524857,524856,524855,524854,524853,536144,524869,536143,536141,536127,536126,536125,696774,696775,696776,536128,696777,696779,696780,696781,696782,696783,696784,696778,536129,536130,536131,536140,536139,536138,536137,536136,536135,696768,696769,696770,696771,696772,696773,536134,536133,536132,536142,526773,536037,536035,410084,410083,410082,410081,410080,410079,410085,410078,410076,410075,410074,410073,410072,410071,410077,540150,410086,410088,410102,410101,410100,410099,410098,410097,410087,410096,410094,410093,410092,410091,410090,410089,410095,540151,526753,526752,410070,410069,410068,410067,410066,410065,526742,410064,410062,410061,410060,410059,410058,526741,410063,540153,540152,414241,526751,526750,526749,526748,526747,526746,526745,526744,526743,414235,414236,414237,414238,414239,414240,410103,410057,410104,410106,535978,535977,535976,400916,414229,414230,535979,414231,526757,526756,526755,526754,535975,410135,526758,410134,535980,410137,410151,410150,410149,410148,410147,410146,410136,410145,410143,410142,410141,410140,410139,410138,410144,410133,410132,410131,410114,410113,410112,410111,410110,414233,410115,414234,540147,540148,540149,410109,410108,410107,540146,410116,410117,410118,410130,535974,535973,414232,410129,410128,410127,410126,410125,410124,410123,410122,410121,410120,410119,410105,410056,410055,410054,513436,513437,513438,513439,513440,513441,513435,513442,513444,513445,513446,513447,513448,513449,513443,513450,513434,513432,395709,395710,395711,395712,395713,395714,513433,395715,513426,513427,513428,513429,513430,513431,395716,540162,540163,540164,395729,395730,395731,395732,395733,540165,395728,540166,395735,395736,395737,395738,395739,395740,395734,395719,395718,395717,513451,513452,513453,513454,513455,513456,513457,513458,513459,513460,513461,513462,513463,513464,513465,400895,400896,395708,395707,400915,400914,526737,400913,400912,400911,526738,535972,535970,535969,535968,535967,535966,535965,535971,526739,410038,410039,410053,410052,410051,410050,410049,526740,410048,410047,410046,410045,410044,410043,410042,410041,410040,535964,410152,535963,535961,400910,400909,400908,400907,400906,400905,540161,400904,400902,400901,400900,400899,400898,400897,400903,540160,540159,540158,535960,535959,535958,535957,535956,535955,535954,535953,535952,526736,526735,540154,540155,540156,540157,535962,410153,410154,410155,512579,512580,512581,512582,512583,512584,414170,512585,414172,414173,400930,414174,414175,414176,414171,414177,512578,512576,414160,414161,400934,400933,400932,400931,512577,414162,414164,414165,414166,414167,414168,414169,414163,400929,400928,400927,512604,512605,512606,512607,512608,512609,512603,512610,512612,512613,512614,512622,414178,414179,512611,512602,512601,512600,512586,512587,512588,512589,512590,512591,512592,512593,512594,512595,512596,512597,512598,400926,512599,414159,414158,414157,414156,536015,536014,536013,536012,536011,536010,536016,536009,536007,536006,400945,400944,400943,400942,536008,536017,536018,536019,536034,536033,536032,536031,536030,536029,536028,536027,536026,536025,536024,536023,536022,536021,536020,400941,414180,400940,524827,535996,540140,540141,540142,540143,540144,535997,540145,414148,414149,414152,414153,414154,414155,400935,535998,535999,536000,400939,400938,400937,400936,524826,524825,524824,524823,524822,540139,536005,536004,536003,536002,536001,524828,536036,414181,414183,410203,410202,410201,410200,410199,410198,410204,410197,410195,410194,410193,410192,410191,410190,410196,410189,410205,410207,410221,410220,410219,410218,410217,410216,410206,410215,410213,410212,410211,410210,410209,410208,410214,410188,410187,410186,410161,410160,410159,410158,410157,414222,410162,414223,414225,414226,414227,414228,400917,410156,414224,410163,410164,410165,410185,410184,410183,410182,410181,410175,410174,410173,410172,410171,410170,410169,410168,410167,410166,410222,410223,410224,414221,414194,414195,414196,535992,535991,414197,414193,414198,414200,414201,414202,414203,535990,535989,414199,414192,414191,535993,512623,512624,512625,512626,414184,414185,414186,414187,414188,414189,414190,524821,400925,535995,535994,535988,414182,535987,400924,414207,414208,414209,414210,414211,414212,414206,414213,414215,414216,414217,414218,414219,414220,414214,414205,414204,535981,400923,400922,400921,400920,400919,400918,410238,410237,410236,410235,535985,535984,535983,535982,410225,535986,526774,536115,526933,411079,411080,411081,411082,411083,411084,411085,411086,411087,411088,411089,411090,411091,411092,411093,411094,411095,526799,411102,411101,511553,511552,511551,411078,511550,411100,511548,411099,411098,411097,411096,511549,526798,411077,411075,526918,526917,526916,526915,526914,526913,526912,526911,526910,526909,526908,411062,411063,411064,411065,411066,411067,411074,511438,411073,411072,411071,411070,411076,411069,411068,511440,511441,511442,511443,511444,511439,526919,411103,526797,511584,511583,511582,511581,511580,526907,526906,526905,526904,526903,526902,526901,526900,526791,511563,511564,511565,526784,526785,526786,526787,526788,526789,511585,526790,511571,511570,511569,511568,511567,511566,511437,411104,511586,511588,526796,526795,411105,411106,411107,411108,411109,511601,411110,511554,511555,411111,511556,526794,511557,526793,526792,511562,511589,411120,411119,411118,411117,511587,411115,511561,511560,511559,511558,411113,411112,411114,526920,526921,526922,511482,511483,511484,511485,511486,511487,511488,511489,511490,526802,511491,511492,511493,526801,526800,511494,511495,511505,511504,511503,511502,511501,511500,511481,511452,511454,511499,511498,511455,511497,511496,511453,511506,511480,511478,511460,511459,511458,511457,511456,511461,511462,511463,511464,511465,511466,511467,511468,511469,511470,511471,511472,526803,526804,526805,526806,526807,526808,511479,511477,511475,511474,511473,526946,526947,526948,511476,511507,511508,511509,511539,511540,511541,511542,511543,511544,511545,511546,526945,526944,526943,511547,526942,526941,526940,526939,526938,526923,526924,526925,526926,526927,526928,511538,526929,526931,526932,526934,526935,526936,526937,526930,511537,511536,511535,511522,511521,511520,511519,511518,511517,511523,511516,511515,511514,511513,511512,511511,511510,511451,526783,511524,511526,511534,511533,511445,511446,511447,511448,511525,511449,511532,511531,511530,511529,511528,511527,511450,526782,411116,536993,536990,536991,536992,536994,536995,536996,536997,536998,511431,536999,511430,536989,511429,511427,511426,511425,511424,511423,537000,537001,537002,537003,537004,537005,511428,526891,536988,537016,536980,536981,536982,536983,511436,511435,537028,537027,537026,536984,536985,536987,536986,537024,511434,511433,511432,537023,537022,537021,537020,537019,537018,537017,537025,537015,537014,537013,526885,526886,511405,511404,511403,511402,511401,511400,511399,511398,511397,526884,511396,526889,511395,526888,511394,511393,511392,511391,511390,511389,511388,526887,526890,526883,526882,537006,511422,511421,511420,511419,511418,511417,511416,511415,511414,511413,511412,537012,537011,526813,526812,537010,511411,511410,511409,511408,511407,511406,537009,537008,537007,536979,536978,526809,511579,511572,526892,526778,537032,537031,526780,526781,526893,526894,526775,526895,537030,526896,526897,526898,526899,537029,526811,526776,526779,511577,526810,526777,511573,511574,526814,511575,511576,511578,536977,536976
